78 164
80 189
84 212
88 236
95 259
107 279
124 297
143 312
166 316
190 313
212 300
232 286
246 266
254 243
258 220
262 196
264 171
97 152
108 141
125 137
142 139
158 145
187 146
203 141
219 139
234 143
244 154
171 163
171 178
171 193
171 210
154 221
162 226
170 228
178 226
186 223
115 164
125 159
137 158
147 166
136 169
124 169
194 167
204 160
216 160
226 167
217 171
205 170
139 254
151 249
161 247
168 250
177 248
187 252
199 258
186 261
175 263
166 263
159 262
149 259
144 254
160 254
168 255
176 255
194 257
176 255
167 256
160 254
