90 171
96 191
102 211
108 230
118 250
130 267
145 283
163 295
183 296
204 289
223 276
239 258
251 238
258 217
259 195
260 174
258 152
97 152
104 140
118 133
134 132
147 136
176 132
191 125
206 121
222 123
234 132
165 151
166 166
168 181
169 196
155 207
163 209
172 210
180 207
187 203
114 164
121 157
132 155
143 159
133 163
123 165
188 153
197 145
208 144
218 149
209 153
199 154
141 234
152 229
163 225
173 226
183 223
196 224
212 228
199 243
186 250
175 252
165 252
153 247
146 234
164 233
174 233
184 231
207 229
184 240
174 242
164 242
