277 348
279 396
283 443
290 489
303 534
325 573
355 605
392 630
435 638
482 631
520 605
550 570
573 531
590 489
600 446
608 401
611 355
306 307
330 292
358 288
388 291
414 301
484 303
511 293
539 292
566 296
585 313
451 338
454 372
456 405
459 439
415 453
434 461
453 468
471 463
486 456
337 344
356 335
379 335
398 348
377 354
355 354
493 349
514 337
535 336
553 346
537 356
514 356
372 507
401 501
426 500
446 505
466 502
485 507
505 516
481 530
461 533
441 534
421 531
397 523
384 508
425 516
445 519
465 519
495 517
462 513
443 515
423 512
