88 123
86 145
85 167
85 189
92 211
103 230
119 246
138 259
158 265
178 264
194 254
209 241
220 224
228 205
235 186
240 166
244 146
114 110
127 103
142 103
157 106
170 114
198 116
211 113
224 113
235 118
240 129
182 132
181 146
180 160
179 175
159 181
166 185
174 189
181 188
187 187
130 128
140 125
149 127
157 134
148 135
138 133
198 141
208 136
218 137
224 143
217 146
207 145
135 204
150 203
162 204
169 208
177 207
185 211
192 216
182 221
173 222
164 221
156 218
146 213
140 205
160 210
168 212
176 213
188 216
174 214
167 213
159 210
