154 153
154 174
156 196
158 218
163 239
173 258
187 274
205 285
226 290
246 287
263 275
276 258
285 241
291 222
296 202
300 183
302 163
168 134
180 125
195 123
210 126
224 132
253 136
266 131
280 131
292 134
299 144
240 152
241 167
242 183
242 199
221 206
229 209
238 212
246 211
252 208
183 151
193 146
204 147
213 155
203 157
192 157
256 158
266 151
277 152
284 158
277 162
266 161
200 234
215 230
227 229
234 231
241 230
249 233
255 238
247 244
239 247
231 248
223 247
212 243
205 234
226 236
233 238
241 238
251 238
240 237
232 238
225 237
