73 234
85 259
97 282
113 305
134 323
161 338
191 348
221 355
246 349
264 334
273 310
279 284
282 258
282 232
279 208
271 183
263 158
94 207
102 192
115 182
134 175
152 175
189 157
201 145
215 137
231 134
244 140
181 187
190 205
199 223
207 241
188 257
200 256
212 255
220 248
225 241
122 216
130 207
140 202
154 202
145 208
134 214
205 181
213 170
224 166
236 166
228 172
217 177
169 288
184 279
201 273
215 272
225 265
239 260
251 257
247 283
237 298
226 305
212 308
191 305
174 287
204 280
218 278
228 272
247 260
232 286
220 292
207 295
