66 185
67 216
69 246
73 275
81 304
96 327
117 346
141 362
171 365
202 362
231 347
256 330
277 307
288 280
293 249
295 218
296 187
83 169
96 154
117 149
138 153
159 162
183 163
203 153
226 147
249 149
267 164
170 186
169 205
168 222
167 241
144 256
156 259
170 262
184 258
197 253
103 191
114 184
128 184
142 192
128 196
113 196
204 190
216 181
230 181
243 187
231 193
217 193
130 298
146 289
161 284
172 286
182 283
199 285
217 292
200 303
184 308
173 310
161 310
146 307
138 298
160 296
172 295
183 294
209 292
183 293
172 295
161 295
