46 170
50 209
53 247
63 283
83 312
114 331
152 343
191 353
228 355
260 350
280 332
296 309
305 280
309 249
309 219
306 189
299 160
104 131
124 116
148 106
175 105
198 115
227 119
246 112
266 110
284 117
292 134
218 148
224 166
231 184
238 202
199 225
215 228
232 231
244 228
253 223
129 156
144 147
161 147
175 159
159 161
143 161
237 160
252 148
267 148
279 157
268 162
253 163
172 278
196 265
218 258
231 260
241 257
256 262
266 273
258 285
245 289
234 290
220 290
198 288
181 277
219 272
231 272
242 271
259 272
243 272
232 273
219 273
