83 170
84 199
86 228
91 255
103 281
123 301
149 316
178 327
209 328
236 323
257 308
274 290
285 269
292 244
294 220
293 195
291 169
114 156
128 142
148 138
167 142
185 149
217 149
232 143
249 139
266 142
276 154
204 172
205 188
206 204
208 221
181 234
194 237
207 239
219 236
231 232
137 176
148 170
161 171
173 179
161 182
147 182
228 178
238 169
250 169
260 174
251 179
239 180
160 269
179 263
197 260
208 261
218 258
231 259
244 263
232 275
220 281
209 282
197 283
180 280
167 269
196 269
208 269
218 267
237 264
219 267
209 270
197 269
