149 268
152 312
156 354
164 395
180 433
205 465
239 489
277 508
321 509
365 501
400 478
431 451
454 419
467 381
471 341
471 301
472 260
179 238
197 213
228 203
261 208
291 218
325 218
354 205
386 198
417 204
436 226
309 248
310 273
311 298
312 324
275 345
294 349
314 353
333 346
350 339
211 261
228 250
249 250
267 262
248 266
228 267
352 257
371 244
390 242
407 250
392 257
372 258
244 403
267 387
293 382
312 385
332 379
356 381
380 392
358 412
335 423
314 427
294 427
269 421
256 403
293 396
313 396
333 393
368 393
333 401
313 405
293 405
