145 203
147 223
152 243
157 262
163 282
172 300
184 314
201 324
222 324
244 319
263 308
279 293
290 273
296 253
298 232
298 211
298 189
153 198
162 189
175 186
188 187
201 190
219 187
233 181
247 178
262 177
276 182
212 198
214 213
215 230
216 246
203 252
210 254
217 256
225 253
233 250
170 203
176 197
187 196
195 201
187 205
177 207
235 197
243 189
252 188
261 192
254 198
244 199
191 280
200 276
209 273
218 276
227 272
239 273
251 276
239 283
228 285
218 287
209 287
200 285
195 279
209 279
218 280
228 278
246 276
227 277
218 279
209 279
