117 154
119 174
123 194
127 213
134 231
145 246
161 258
180 265
199 264
216 261
229 251
241 239
249 222
252 204
254 185
254 166
253 148
138 153
148 147
161 144
175 146
188 149
202 148
212 143
223 139
235 138
245 143
196 159
197 173
199 187
201 201
185 206
192 208
200 210
206 208
212 205
151 162
158 156
168 156
177 164
168 167
158 167
210 161
217 152
227 150
234 154
229 161
220 162
170 231
181 225
192 222
199 224
206 221
214 222
222 227
214 232
206 234
198 235
191 235
180 234
174 230
192 228
199 228
206 227
218 227
205 226
198 227
191 227
