83 202
85 234
89 264
91 294
99 323
119 347
147 363
181 373
216 376
250 374
279 362
303 345
318 322
324 293
326 263
329 233
332 202
116 168
134 150
160 143
186 145
211 154
229 153
253 146
278 145
300 153
313 173
220 173
221 193
223 213
224 234
198 252
209 254
220 256
231 256
240 254
142 182
156 173
171 174
184 183
170 188
154 188
244 184
258 173
273 174
286 182
274 189
259 189
168 301
187 290
203 282
215 287
226 283
242 291
256 302
240 308
226 310
214 311
202 311
187 308
176 300
203 296
215 297
226 297
248 300
226 296
214 297
203 296
