120 185
123 211
127 235
130 259
140 281
159 299
184 309
212 316
239 316
262 311
277 298
288 283
294 263
296 242
296 222
296 204
296 187
158 174
173 158
195 150
218 151
240 157
253 158
268 153
283 152
296 157
301 171
248 169
251 184
254 199
257 215
230 229
240 231
250 233
258 232
264 229
179 174
190 168
201 167
211 174
201 176
190 177
261 174
271 167
281 167
287 175
281 178
271 177
203 261
222 252
238 248
248 251
257 249
266 254
274 263
264 268
255 268
245 268
235 268
220 267
208 260
238 257
247 259
256 258
269 262
255 258
246 258
237 258
