158 119
158 130
160 142
162 153
165 164
172 174
181 182
192 187
205 188
217 185
227 178
235 169
240 159
242 148
243 136
244 125
244 113
166 117
173 112
182 111
190 112
198 114
206 113
214 110
222 108
229 109
235 113
203 118
204 127
204 136
205 144
194 147
199 149
204 151
209 149
212 147
176 120
180 118
186 118
191 121
186 122
180 122
213 119
217 115
223 115
228 117
224 119
218 120
185 162
191 160
197 159
202 160
207 158
213 160
220 161
214 164
207 166
202 166
197 166
191 165
187 162
198 162
202 162
207 161
218 161
207 161
202 162
197 162
