118 185
118 205
118 224
121 243
130 260
144 273
164 280
184 285
206 286
226 284
241 277
251 266
257 250
260 234
263 218
266 202
267 187
154 156
167 149
181 147
195 149
208 154
221 155
232 151
244 151
255 156
261 166
215 167
216 177
218 188
219 199
198 213
206 215
214 217
222 216
228 215
167 170
175 165
184 165
192 172
183 173
174 173
227 174
236 169
245 169
250 176
244 177
235 177
179 243
192 234
205 229
213 232
220 230
230 236
237 247
229 250
219 249
211 249
203 248
191 246
185 242
204 238
212 239
220 239
233 246
220 240
212 240
204 239
