117 138
119 159
122 182
126 203
135 224
148 243
165 258
186 268
207 268
227 265
243 254
257 240
268 220
272 199
273 178
273 156
272 135
146 135
158 130
171 130
185 131
199 135
216 137
227 131
239 125
252 123
263 127
208 147
209 164
210 180
211 197
195 201
203 203
210 205
217 203
223 201
159 148
167 142
178 142
186 150
177 154
166 153
226 148
233 141
244 139
251 144
245 150
235 151
184 227
192 222
202 218
210 220
216 218
225 220
234 226
225 233
216 235
209 235
201 235
191 232
188 226
202 225
210 226
216 225
230 226
216 225
209 226
201 225
