132 186
130 211
132 237
138 262
149 284
165 303
184 320
205 334
231 339
256 336
279 322
300 305
316 285
326 262
331 237
333 212
333 187
157 157
167 144
184 139
201 140
215 148
239 148
255 140
273 138
291 145
303 158
227 168
227 185
226 202
226 219
206 231
216 235
227 238
239 235
250 231
174 171
184 166
194 166
202 173
193 172
184 171
256 173
265 166
275 166
284 171
275 171
266 172
185 262
198 255
215 252
227 254
239 252
257 255
273 261
257 280
240 288
227 290
214 288
198 279
189 262
215 261
227 263
239 262
269 262
240 277
227 279
215 277
