60 90
60 103
61 116
65 128
73 139
83 148
96 155
109 160
122 162
134 159
143 151
150 142
155 131
158 120
160 109
160 98
158 87
80 73
86 66
95 62
104 64
113 67
123 68
131 65
139 64
146 67
150 73
119 78
120 85
121 93
122 101
111 108
116 110
121 111
126 110
130 108
90 81
95 77
100 77
104 81
100 81
95 81
130 81
135 78
140 78
144 81
140 81
135 81
100 127
108 121
116 119
121 119
126 118
132 121
138 125
133 132
127 135
122 136
116 135
108 133
103 127
116 124
121 124
126 123
135 125
127 129
122 130
116 130
