166 244
166 277
170 309
176 340
188 370
207 396
233 418
257 435
285 440
314 438
341 420
369 401
392 373
409 341
416 305
417 268
416 232
181 224
195 205
220 200
244 204
265 214
293 210
317 198
342 194
368 197
384 215
281 231
282 257
283 283
284 310
255 318
270 325
286 331
302 324
317 317
205 236
218 228
234 227
250 239
234 241
218 241
317 235
331 222
348 220
362 229
349 235
333 236
235 352
256 352
274 352
286 355
298 353
318 353
342 353
318 364
298 369
285 370
272 369
256 364
242 354
274 359
286 360
298 359
335 354
298 358
285 359
272 358
