277 460
282 553
292 643
305 730
332 809
384 881
448 942
522 988
605 1001
685 992
754 951
810 892
849 823
873 745
889 662
909 578
921 489
353 428
394 379
464 369
528 391
590 421
670 432
731 408
796 397
859 412
890 463
632 465
633 526
634 586
635 650
556 666
591 680
629 691
667 680
699 667
434 455
464 434
502 437
533 466
498 472
461 470
709 474
740 449
777 453
805 475
776 485
741 483
509 782
554 765
597 759
630 767
663 760
701 768
739 784
701 803
663 809
629 811
595 808
554 800
526 780
595 781
628 786
662 782
721 783
664 782
630 786
597 782
