150 204
153 222
157 240
161 257
168 275
179 290
192 302
208 311
227 312
246 309
262 298
276 285
286 269
291 251
293 231
293 212
293 194
159 197
166 184
181 179
195 181
210 185
226 184
239 177
253 173
269 176
278 188
218 197
219 211
220 225
220 240
205 243
213 247
222 250
231 246
240 241
176 202
184 197
192 197
200 202
191 204
183 204
238 199
246 193
255 192
262 196
255 199
247 200
192 264
204 262
214 262
223 263
231 261
242 260
256 260
244 267
233 271
224 272
214 272
204 269
196 264
214 264
223 265
232 264
252 261
233 265
223 267
214 266
