212 381
220 428
231 472
246 515
268 554
297 589
335 616
375 631
420 628
463 618
501 595
535 563
557 524
574 478
579 430
577 379
573 328
241 331
256 300
289 286
324 288
356 297
393 288
424 271
459 261
496 267
522 291
378 320
380 352
382 383
384 416
352 442
371 446
391 450
412 440
432 431
278 346
293 330
313 328
334 340
316 345
296 348
430 329
446 311
467 308
488 319
471 326
449 329
333 515
359 503
379 493
396 495
413 488
439 492
474 496
444 514
421 518
404 522
386 524
364 523
344 513
381 503
398 503
415 498
463 497
417 502
400 506
383 507
