116 192
119 218
124 243
129 267
138 290
153 310
172 325
194 337
220 339
244 333
264 316
281 297
294 275
301 250
302 225
302 200
301 175
129 179
140 165
160 161
179 165
198 170
220 165
238 157
255 151
272 153
283 165
212 182
214 202
216 222
218 242
193 246
205 251
217 255
229 250
238 245
152 188
162 182
173 181
184 188
173 190
162 191
234 184
244 177
256 175
265 180
257 184
246 185
174 275
192 273
207 272
216 274
225 272
238 273
254 272
239 279
227 284
216 285
207 285
192 283
179 276
206 277
216 278
226 277
249 272
226 276
216 278
206 277
