89 117
90 150
92 182
93 214
101 246
118 272
144 291
176 303
214 304
253 297
289 283
320 266
340 241
351 211
351 178
350 144
349 110
100 80
108 56
130 43
155 43
180 49
212 44
237 34
266 32
292 40
311 61
194 68
192 87
190 105
188 125
167 151
179 154
194 155
209 151
224 148
123 87
132 77
147 75
164 81
148 86
134 88
236 75
249 66
265 66
280 74
265 77
250 77
152 216
164 193
181 180
196 182
209 178
233 187
255 207
237 221
216 226
201 227
186 228
168 228
159 213
183 196
197 195
210 194
247 206
214 209
200 211
185 212
