33 168
39 200
45 229
54 258
71 282
94 300
123 308
153 311
187 309
220 304
249 295
273 280
288 258
297 229
299 199
298 168
298 136
48 91
59 61
84 43
114 35
143 38
166 34
194 28
223 32
249 45
266 71
158 57
160 72
162 86
165 102
138 149
153 149
169 148
183 146
196 144
78 93
91 80
106 76
123 83
108 87
93 91
195 77
211 67
226 69
240 79
226 78
211 78
121 224
139 200
159 187
174 189
188 184
211 193
232 213
214 219
193 223
178 225
164 226
143 226
132 219
160 203
175 202
189 200
222 210
191 208
176 210
162 210
