41 157
42 201
46 246
55 289
72 330
94 368
124 399
160 420
206 424
254 416
300 393
338 364
369 331
391 293
397 250
392 204
386 159
61 127
74 101
104 92
137 96
168 105
204 103
239 90
275 81
309 88
331 111
187 130
186 161
185 192
184 224
151 243
170 249
191 253
213 246
231 239
95 139
109 131
129 129
148 137
131 142
111 145
240 130
259 120
279 120
295 128
280 135
261 135
130 314
147 295
172 287
191 290
214 286
241 293
261 310
244 331
218 342
194 344
174 344
149 336
140 312
173 302
192 302
215 300
250 309
216 317
193 320
174 319
