94 215
96 246
98 277
100 311
106 345
121 377
146 405
175 426
212 434
251 430
287 414
317 390
338 359
349 324
354 287
355 250
356 213
113 191
125 172
147 164
172 165
196 172
222 171
248 162
275 160
301 168
320 187
208 191
207 213
206 235
204 257
182 278
194 282
207 285
221 282
234 279
136 201
149 192
165 190
179 200
164 205
149 205
246 199
260 189
277 189
291 197
278 202
261 202
159 334
172 322
190 315
205 320
221 315
243 323
263 336
244 352
223 358
206 359
189 357
171 350
166 334
190 329
206 330
222 329
254 335
222 339
206 340
189 338
