70 159
74 182
80 204
86 226
97 247
112 263
132 277
156 286
182 286
208 278
229 265
248 250
263 229
269 204
268 177
262 150
257 124
77 130
84 114
100 107
118 105
137 106
155 101
172 91
192 86
211 88
227 99
149 119
151 135
153 151
155 168
137 184
148 185
161 186
174 180
186 173
97 137
105 131
115 128
127 130
117 133
107 136
180 118
189 112
199 110
210 112
201 115
191 117
127 224
139 213
154 206
166 207
177 202
193 203
211 206
199 220
184 228
172 232
159 233
143 233
132 223
155 216
167 214
179 211
205 208
181 216
169 219
157 221
