92 163
96 188
101 211
109 231
126 248
147 258
172 263
198 265
221 264
240 258
255 247
264 233
268 215
269 194
268 175
266 155
262 134
120 128
131 112
148 103
168 100
188 103
205 102
218 96
233 96
246 102
252 114
200 118
204 128
209 138
214 149
191 169
202 170
212 170
220 168
227 166
142 134
152 127
163 125
174 129
164 132
154 134
216 126
226 121
235 121
243 125
235 127
227 126
181 217
192 197
205 187
214 187
222 185
233 192
240 208
234 217
225 220
216 221
207 222
194 221
187 213
206 196
215 195
223 194
235 207
223 211
215 212
206 212
