68 130
68 148
70 165
72 182
77 199
85 214
98 226
114 234
134 235
154 233
171 226
186 215
195 199
200 182
201 164
200 146
199 129
81 116
89 108
101 105
113 107
125 110
140 110
152 106
164 104
176 106
184 114
133 118
133 128
132 140
132 151
119 161
126 163
132 164
139 163
145 161
95 122
101 119
109 118
116 122
109 124
101 125
150 121
157 117
165 117
171 120
165 122
158 122
108 191
116 185
124 182
132 184
140 182
149 184
158 190
149 194
141 196
133 197
124 197
116 195
113 190
124 187
132 188
140 187
153 189
140 187
132 189
125 188
