58 137
60 159
64 180
68 203
77 225
91 243
112 256
137 264
166 265
195 260
219 250
239 235
252 215
257 191
256 166
252 141
249 117
72 113
80 96
96 87
116 86
135 89
151 86
169 79
189 76
208 80
222 93
144 102
145 115
146 129
147 143
129 162
140 163
152 164
163 160
174 157
91 118
99 111
109 108
120 112
111 115
100 118
173 106
183 100
194 100
204 104
194 106
184 107
119 207
131 195
145 187
155 188
164 184
179 189
193 197
183 209
169 214
159 215
148 216
133 216
125 206
146 198
156 197
165 195
187 197
167 201
157 203
147 204
