178 415
188 474
197 531
208 588
226 642
262 685
311 715
365 740
424 748
484 741
538 717
588 685
622 640
636 586
644 528
649 471
653 411
223 355
246 321
287 308
331 310
375 325
453 331
492 313
536 307
577 320
603 354
413 381
414 417
415 453
417 491
379 531
399 534
420 537
441 532
462 528
277 399
302 384
332 383
358 403
330 410
300 410
473 403
499 385
529 383
553 399
531 409
501 409
348 619
380 599
406 587
425 593
443 587
468 598
498 616
467 627
443 634
424 636
404 635
379 629
360 617
405 607
425 609
443 607
485 615
442 610
424 612
404 609
