66 178
65 205
66 235
71 263
80 290
95 311
116 331
137 344
163 348
191 345
218 334
242 317
259 295
270 268
277 240
280 211
282 184
80 150
91 134
110 128
129 132
146 141
181 141
200 134
220 131
239 135
253 149
163 169
162 186
161 202
159 219
140 238
150 239
160 240
170 239
180 240
99 173
110 164
124 165
135 175
123 178
109 178
193 175
206 165
221 166
232 173
221 178
207 179
124 283
137 270
151 262
159 265
169 262
185 272
201 283
185 289
170 292
158 293
149 292
137 289
130 281
150 275
159 276
169 276
194 281
169 277
159 277
150 277
