98 196
99 226
100 256
107 286
122 310
145 330
173 344
201 355
229 356
254 350
276 335
294 316
306 293
312 266
314 239
315 213
315 187
139 160
152 145
171 141
192 145
211 153
240 156
257 147
276 142
295 146
304 164
226 180
227 198
229 215
231 233
210 253
221 253
231 254
240 251
249 249
161 185
172 179
185 179
195 187
184 189
172 189
251 186
261 178
274 176
284 182
275 186
263 187
191 297
208 287
224 279
233 281
240 278
252 282
262 290
252 299
242 304
233 306
223 306
208 303
197 296
224 289
233 289
241 287
256 290
241 289
233 291
223 291
