46 137
50 156
55 174
61 193
70 210
84 224
106 232
130 235
155 233
178 229
195 219
208 205
213 186
213 166
210 147
208 130
206 112
69 104
77 93
91 85
106 83
122 85
147 82
159 77
172 75
184 78
191 88
138 98
141 109
144 119
147 130
129 148
138 150
147 151
154 147
161 144
87 113
96 106
106 104
116 109
107 112
97 113
157 104
166 97
175 95
183 102
176 104
167 104
117 185
130 176
141 171
149 172
156 169
165 171
176 177
168 182
160 184
153 185
145 186
132 186
122 184
142 178
150 177
157 176
172 177
158 177
151 178
143 178
