290 538
294 600
300 660
306 722
323 787
359 842
406 893
460 937
522 946
587 929
646 884
701 838
746 785
772 723
781 656
782 591
782 522
311 499
332 471
368 464
406 466
442 479
538 471
582 455
626 450
672 455
707 479
493 519
493 567
492 614
492 663
447 683
470 693
496 703
523 690
549 677
355 533
377 518
407 516
435 532
408 539
378 542
567 524
594 507
624 506
651 519
625 529
595 529
413 756
443 755
475 751
501 756
529 748
568 747
614 743
573 784
535 801
506 807
477 805
445 793
427 762
475 770
502 771
530 767
598 750
532 768
504 773
477 771
