297 698
303 843
314 988
338 1129
386 1261
467 1378
579 1478
697 1562
831 1583
964 1556
1074 1462
1172 1354
1247 1237
1284 1101
1293 966
1303 829
1314 688
402 680
482 643
579 655
666 686
751 721
899 709
986 685
1073 659
1159 653
1222 702
822 790
823 893
822 994
822 1098
698 1110
757 1137
821 1163
884 1136
938 1106
498 782
557 769
618 775
675 802
613 813
552 810
949 804
1005 774
1067 773
1121 786
1074 810
1011 814
617 1254
699 1257
766 1256
819 1270
874 1256
935 1259
1006 1252
942 1324
884 1355
826 1363
769 1356
698 1322
648 1265
766 1292
820 1300
875 1290
976 1265
879 1293
824 1302
769 1291
