84 198
88 234
92 272
100 308
114 340
139 366
168 385
199 398
232 399
259 391
279 370
300 347
317 321
327 291
332 258
333 225
333 192
123 172
141 154
166 149
194 151
220 156
251 151
270 144
289 143
308 147
320 160
237 181
239 204
241 226
243 249
207 267
223 271
239 276
253 271
265 266
148 193
164 185
180 184
196 192
181 193
165 195
262 189
276 181
290 180
303 186
291 189
277 189
180 317
203 307
223 301
236 303
249 300
264 305
280 312
263 327
248 335
235 337
222 337
201 330
187 316
224 312
236 312
249 310
273 314
248 319
235 321
222 321
