139 296
139 341
141 385
147 430
158 472
182 509
215 541
252 567
296 573
342 567
381 543
413 511
436 474
447 432
452 388
456 346
456 301
172 271
194 256
222 257
249 265
275 276
330 275
355 264
381 258
408 260
427 276
301 301
300 332
299 362
299 395
264 406
281 414
299 421
318 414
335 405
200 301
218 294
239 294
259 307
238 309
217 309
342 307
360 294
381 293
399 301
382 309
362 310
232 461
256 459
281 456
299 462
317 457
340 460
363 462
340 483
318 492
298 494
279 491
255 481
242 463
280 469
298 472
317 469
353 464
317 470
298 472
280 470
