201 346
198 396
197 447
202 500
215 552
240 596
278 633
323 663
374 676
426 668
474 641
516 608
548 569
569 521
579 468
582 416
582 364
233 317
260 301
294 301
325 313
355 330
416 331
446 315
479 308
513 311
539 330
383 355
382 388
381 422
380 456
338 471
357 481
379 491
403 483
423 473
268 352
289 347
312 348
334 359
310 363
287 362
436 362
458 352
480 352
500 361
480 369
458 368
303 541
332 535
356 532
377 538
397 533
421 538
450 544
420 566
397 574
376 575
353 572
330 565
316 544
355 548
377 551
397 549
438 546
397 549
376 550
355 547
