57 118
56 137
56 155
56 175
61 194
72 211
87 225
103 236
123 239
142 236
160 225
177 212
189 197
195 179
197 160
198 141
197 122
68 108
76 100
88 99
101 103
113 108
133 108
146 105
159 103
173 105
182 113
124 121
124 134
123 146
123 159
107 165
114 169
122 171
130 169
138 165
81 120
88 117
97 118
106 124
96 125
88 124
142 125
151 120
160 120
168 124
160 126
151 126
95 188
105 186
114 186
122 188
129 186
139 187
151 189
140 197
130 201
122 201
114 200
105 195
99 189
114 191
122 192
129 191
147 190
130 192
122 193
115 191
