59 124
59 141
59 158
62 174
68 189
81 199
98 208
115 214
133 217
149 217
162 210
172 200
179 187
184 172
186 159
187 145
187 132
83 106
93 96
107 91
123 91
138 96
149 99
162 97
174 99
184 105
187 116
143 108
145 116
146 124
148 133
127 145
135 147
143 150
150 149
156 147
100 111
107 106
115 106
121 113
115 113
107 113
154 117
162 112
170 113
175 120
169 120
162 119
113 169
126 163
137 161
142 163
148 163
154 167
159 176
152 178
145 178
140 177
133 176
124 174
117 168
136 167
141 168
147 168
156 174
146 172
140 172
135 170
