32 103
32 120
33 138
38 155
47 169
60 180
77 187
94 193
112 194
127 193
139 187
149 179
156 167
160 153
161 139
161 125
159 112
61 95
70 86
83 82
97 83
109 89
126 87
137 83
148 83
157 87
161 97
118 98
119 108
121 117
122 127
102 135
110 138
118 140
124 139
129 137
75 103
82 98
90 98
96 103
90 105
82 105
130 103
137 98
145 98
149 104
144 105
137 105
87 159
100 154
110 152
116 154
122 152
130 155
137 160
129 163
122 163
115 163
109 163
99 162
91 159
109 157
115 157
122 157
134 159
122 157
116 157
109 157
