187 398
190 452
196 506
211 557
240 601
283 634
338 657
395 675
451 676
498 669
535 647
563 619
581 582
591 540
594 497
594 457
591 416
275 352
303 318
346 304
390 306
430 322
485 318
519 304
555 304
585 318
592 351
461 353
465 385
470 416
475 449
413 477
438 486
464 493
484 487
499 480
324 376
346 361
370 359
390 372
371 378
347 380
498 371
521 358
543 360
556 375
542 377
521 375
373 557
412 538
441 530
460 537
479 531
502 542
523 557
503 569
482 568
462 568
442 566
411 564
388 554
441 548
459 549
479 548
511 555
480 546
461 547
442 546
