230 264
237 298
246 331
262 361
289 386
322 401
359 410
395 416
422 413
443 401
455 381
465 359
469 336
468 309
465 282
460 255
452 231
269 229
286 211
310 203
336 203
360 210
399 201
413 189
429 184
444 189
453 201
386 225
393 244
401 262
410 281
378 302
392 303
405 305
415 300
422 294
306 244
317 232
331 230
344 239
333 243
319 245
405 230
415 218
429 216
438 225
431 230
419 231
353 351
376 338
393 333
406 333
416 329
429 329
439 334
434 344
426 348
415 351
403 353
382 356
362 350
395 341
408 340
419 336
433 335
422 335
411 338
399 340
