49 142
50 165
52 188
58 210
71 229
90 243
113 254
137 262
163 262
183 259
198 249
210 238
219 222
224 206
227 189
227 172
228 156
90 125
103 115
120 111
137 113
152 120
177 118
191 112
206 111
219 116
224 128
166 134
167 147
169 159
171 171
147 183
156 186
165 189
172 187
178 185
106 140
115 133
127 133
135 141
126 145
115 144
181 143
190 134
201 134
208 142
201 146
191 146
126 216
142 209
155 205
164 207
171 205
182 209
193 217
182 222
172 221
164 221
155 221
142 219
132 215
155 214
163 214
171 213
188 216
172 212
164 212
156 212
