45 101
44 122
44 142
46 163
51 182
61 200
74 214
91 225
112 228
133 226
150 217
163 204
172 189
178 171
180 152
182 133
184 114
64 94
72 85
86 83
99 85
111 90
130 91
143 88
155 87
167 91
174 99
118 102
118 115
117 128
116 142
102 151
108 154
116 156
123 154
130 152
78 103
85 99
93 99
100 104
92 106
84 105
135 106
143 101
152 102
158 108
151 109
142 108
86 176
96 173
106 172
115 174
123 173
132 174
142 178
132 184
123 186
114 187
106 186
95 183
90 177
106 178
115 179
123 178
138 178
123 179
115 180
106 178
