174 257
169 313
164 369
164 425
176 479
204 527
245 569
289 600
344 615
397 616
439 593
475 558
505 517
527 471
545 425
559 377
569 328
247 252
285 241
324 246
360 258
392 274
431 282
465 277
500 278
532 285
553 306
406 299
403 332
400 366
397 401
343 409
364 418
386 429
409 426
428 422
278 281
304 280
327 284
346 297
322 297
298 293
447 314
473 308
495 312
513 321
492 325
470 321
276 446
316 447
353 451
377 459
401 458
430 463
457 470
425 506
394 518
367 519
340 511
306 489
285 450
349 465
374 471
399 471
445 473
397 495
372 496
347 489
