68 103
67 118
67 134
69 149
75 164
84 176
96 185
109 193
126 195
141 193
153 186
162 175
170 163
175 149
177 134
177 119
177 105
82 94
89 87
100 85
110 86
120 88
137 89
147 87
156 87
165 90
170 97
128 98
128 109
129 119
129 130
115 135
121 137
128 139
135 138
140 136
94 99
100 95
107 96
112 100
106 101
99 101
141 101
147 96
153 97
158 101
154 102
147 102
100 153
111 151
121 150
127 151
134 150
142 151
150 154
142 161
134 164
127 165
119 164
110 161
104 154
120 155
127 156
134 155
146 154
134 156
127 157
120 156
