55 111
56 134
58 157
61 179
69 199
81 217
99 230
120 238
144 240
166 237
182 228
193 212
200 193
204 173
206 152
208 131
209 110
74 100
84 87
101 81
118 82
135 86
154 87
170 82
186 81
200 87
207 100
146 99
146 112
147 126
149 140
130 153
139 155
147 157
155 155
161 153
94 105
102 99
113 99
122 105
113 107
102 108
164 105
174 99
184 100
190 106
184 108
174 107
111 187
126 182
139 179
147 181
155 178
165 181
175 184
166 193
156 196
147 197
138 197
126 194
116 186
138 186
147 186
156 185
171 184
156 185
147 187
139 186
