109 222
108 267
106 313
111 358
126 400
154 435
191 463
229 484
273 489
314 484
349 461
379 434
401 401
415 363
423 323
427 282
429 243
156 207
180 188
214 182
249 186
282 198
320 201
349 196
378 196
403 206
415 227
298 225
298 255
298 285
299 315
256 328
273 335
291 343
310 338
325 331
195 221
214 214
233 216
249 228
232 229
212 227
330 233
346 223
365 225
378 234
364 237
346 236
213 373
242 371
270 370
288 375
308 372
326 372
343 378
325 392
305 400
285 402
266 400
240 392
221 375
268 378
287 381
307 379
335 378
307 386
288 389
269 386
