62 143
65 172
68 201
75 229
89 252
112 271
138 284
165 293
193 295
215 290
235 278
253 263
266 242
274 218
279 195
282 169
283 143
99 118
112 100
134 92
157 94
177 102
202 105
219 97
238 96
256 105
264 121
191 126
193 142
195 157
198 173
170 189
182 192
195 195
205 192
214 190
121 135
134 127
147 128
159 137
147 140
133 140
211 138
222 128
235 129
246 138
236 141
223 140
149 234
168 221
185 214
197 218
209 215
222 222
232 234
221 243
208 246
196 246
184 245
167 243
157 233
185 228
196 229
208 228
226 233
208 230
196 231
184 230
