74 136
76 158
78 181
82 203
93 223
110 239
131 250
154 258
176 260
195 257
212 247
226 233
236 216
242 196
244 177
245 158
246 137
102 115
113 102
129 97
146 98
161 105
184 107
197 101
212 101
225 107
233 119
173 125
175 138
176 150
178 163
156 176
166 178
176 180
185 178
192 176
119 131
128 125
138 126
148 134
138 136
127 136
190 134
199 126
210 127
218 134
210 137
200 137
143 212
157 204
169 200
177 202
186 200
197 204
205 213
197 219
187 222
178 222
169 222
157 220
148 212
169 208
177 209
186 208
201 211
187 210
178 210
169 210
