65 174
66 201
70 228
77 254
89 278
107 300
126 319
147 335
172 338
198 331
222 313
245 291
264 266
275 236
279 206
277 175
272 143
77 167
85 152
101 147
117 148
134 151
158 149
176 141
197 136
217 139
233 150
149 170
150 188
151 205
151 223
131 232
143 237
156 240
170 234
181 229
94 181
104 175
115 173
128 177
117 180
105 183
179 171
189 165
201 165
214 168
202 172
191 172
125 274
135 261
148 256
159 257
170 253
188 257
204 265
191 283
176 293
163 295
151 295
137 290
131 274
149 271
160 271
172 269
196 267
173 273
161 275
150 275
