72 163
71 189
72 214
76 240
84 264
98 285
115 304
135 319
162 325
190 321
216 308
239 291
258 270
269 246
275 220
276 193
277 165
85 148
94 132
112 125
131 126
149 132
177 134
196 128
217 128
236 137
249 152
163 158
162 174
161 189
160 205
138 216
149 220
161 223
175 220
187 217
104 165
114 159
126 160
138 165
126 168
113 168
191 166
203 160
215 162
226 167
215 169
203 168
124 259
137 246
151 241
162 243
175 241
192 247
206 260
190 274
175 279
161 280
149 279
135 273
131 259
151 255
162 256
175 255
199 259
175 261
161 262
150 261
