111 291
113 341
116 388
126 437
144 482
175 523
211 556
255 580
302 586
351 577
396 550
434 514
467 472
484 425
492 376
494 326
493 277
137 273
159 250
191 243
226 246
259 256
311 257
344 243
382 237
418 243
448 264
285 298
286 329
287 358
287 389
249 411
268 416
290 420
312 415
333 409
177 310
198 304
220 304
241 313
218 318
195 318
337 311
357 300
380 298
405 302
383 313
360 314
223 479
248 468
274 457
293 462
310 455
338 462
368 472
341 496
314 505
295 507
275 507
249 501
236 481
274 480
294 482
311 479
355 475
312 478
294 481
275 479
