62 177
63 197
66 219
73 241
83 261
95 279
108 295
123 308
147 309
174 303
197 289
218 273
237 254
250 231
253 204
251 177
248 149
64 153
70 145
81 142
94 142
107 144
135 139
150 132
167 127
185 126
202 131
121 159
121 172
120 185
120 199
105 215
115 218
126 220
139 214
152 209
76 170
83 163
94 161
104 165
95 168
85 171
154 157
163 150
173 149
185 152
175 156
164 157
105 256
109 244
120 239
131 240
143 236
161 236
178 243
166 263
149 274
136 277
125 277
113 272
109 255
121 247
132 246
144 243
173 244
147 260
134 262
123 262
