68 127
69 143
72 158
75 173
80 187
87 199
99 208
114 215
133 217
152 212
169 201
185 190
197 177
202 160
202 142
201 125
200 107
73 105
78 96
87 92
97 92
109 94
128 91
140 86
152 83
165 85
175 92
119 106
119 114
119 123
119 131
108 143
115 145
122 146
130 142
138 139
84 115
90 111
97 109
105 112
98 114
91 116
142 107
148 102
156 102
163 104
156 106
149 107
102 175
108 164
117 160
124 160
132 157
143 158
154 166
146 178
135 184
127 185
119 186
110 184
107 174
118 168
125 167
133 165
149 166
134 174
126 176
118 176
