105 219
104 274
102 328
107 378
127 425
160 463
207 493
257 515
304 527
345 522
379 497
406 463
425 423
439 380
449 337
455 293
455 250
177 199
208 177
248 176
286 191
321 207
365 212
393 201
421 194
448 198
460 219
344 235
347 264
351 293
354 323
302 340
322 349
342 356
358 353
370 345
219 231
242 228
263 228
283 238
262 241
240 241
371 247
396 239
415 240
430 247
415 253
394 253
264 398
298 393
323 392
336 396
347 395
361 401
373 408
358 427
341 430
328 429
314 426
292 419
276 399
320 401
333 404
345 403
363 407
343 410
331 411
317 409
