77 145
79 167
82 188
87 209
95 229
109 245
129 256
152 264
176 266
198 261
216 250
230 237
239 220
243 201
246 181
248 161
249 140
100 126
109 111
126 106
144 108
160 113
184 110
199 102
215 99
231 105
238 119
173 127
174 140
175 152
176 164
157 179
166 181
175 182
183 180
191 177
120 135
129 127
140 127
150 136
141 138
129 138
193 133
202 123
214 122
222 129
215 134
204 134
144 215
158 208
168 203
175 205
182 203
192 206
203 213
193 220
184 224
176 225
169 224
158 221
151 214
168 209
175 210
183 209
197 212
183 212
175 213
168 213
