55 137
59 161
64 185
70 208
82 230
100 247
124 258
150 267
174 267
197 261
214 248
229 231
238 209
242 185
243 160
244 136
242 112
76 124
88 109
108 103
128 103
149 105
168 101
184 94
201 89
218 89
230 100
161 117
164 133
167 150
170 167
148 179
158 181
169 183
179 179
188 175
103 130
112 122
123 120
134 125
124 129
114 131
185 117
193 109
204 107
213 112
205 116
195 117
133 213
147 210
160 207
170 208
178 205
188 205
201 205
190 213
181 217
172 219
163 220
149 219
138 212
161 211
170 212
179 209
196 206
180 210
171 212
161 212
