160 303
161 365
162 426
170 483
190 536
221 581
268 618
318 648
372 659
424 650
471 624
512 586
543 539
563 485
576 428
582 371
585 311
196 285
221 249
263 234
308 243
347 264
424 264
462 248
502 238
541 251
561 286
387 300
388 337
390 372
391 410
342 429
364 437
387 443
409 437
426 430
255 303
277 292
305 292
326 307
303 312
275 313
441 308
465 293
490 292
510 303
492 314
466 314
299 495
333 485
363 482
383 488
403 484
427 488
453 499
425 515
401 521
379 523
357 522
329 517
311 493
362 496
382 499
403 498
440 498
401 501
380 503
359 501
