73 157
74 181
77 205
81 228
90 248
105 264
126 275
150 284
175 286
197 282
213 270
225 253
233 232
235 209
237 188
238 168
235 147
99 139
111 125
130 120
150 122
167 129
181 128
195 121
211 121
225 126
230 139
177 140
180 154
183 168
186 183
161 196
171 198
181 201
190 198
198 196
121 146
130 140
141 139
150 147
140 149
130 149
192 147
200 140
210 140
217 147
210 149
201 149
145 231
160 225
173 221
181 223
189 221
198 225
206 231
198 235
189 237
181 237
173 236
160 236
151 231
173 229
181 229
189 229
201 231
189 228
181 228
173 228
