160 288
155 320
155 354
157 389
162 423
174 456
191 486
216 509
250 518
292 518
339 509
382 492
415 466
436 429
445 385
449 339
451 295
159 249
171 232
192 229
214 235
233 247
271 248
300 239
331 236
360 245
383 262
249 272
245 291
241 311
237 331
220 357
231 362
245 366
262 361
278 357
179 275
191 262
209 264
222 279
207 280
190 279
298 281
313 267
332 268
350 280
333 284
315 285
202 428
216 410
235 402
246 405
261 404
293 415
325 430
294 448
263 451
247 451
234 449
216 445
211 429
235 417
247 417
262 419
315 430
262 437
247 435
235 434
