60 138
63 162
67 187
70 211
75 234
82 256
96 275
115 289
140 294
167 292
189 280
206 263
218 241
225 218
230 194
236 170
240 145
77 132
89 122
104 120
120 123
135 129
162 133
178 127
195 124
212 128
223 139
147 142
146 159
144 177
142 195
126 199
133 204
142 208
152 205
160 201
95 141
104 136
115 137
124 144
113 146
103 146
171 147
180 140
192 140
201 147
192 151
181 150
110 229
121 226
132 225
143 229
154 227
167 230
180 235
167 242
154 244
142 244
130 242
119 237
115 230
131 231
142 233
154 233
175 235
154 234
142 234
131 232
