78 205
80 233
79 260
82 289
90 315
105 336
128 352
155 365
187 368
217 368
240 357
260 339
272 316
277 289
281 262
285 236
289 209
115 186
128 170
150 165
170 169
190 178
212 180
231 173
249 169
268 175
277 193
198 194
198 212
197 230
197 249
173 259
183 263
194 266
205 263
214 259
134 197
145 191
157 192
169 199
156 200
144 200
223 200
233 192
245 193
254 199
245 202
234 202
154 291
169 285
183 284
194 287
205 285
217 288
229 295
217 304
204 307
193 307
181 306
168 302
158 292
183 291
194 293
205 292
225 295
204 298
194 299
182 297
