233 533
239 622
250 707
263 798
293 886
348 964
426 1028
514 1082
617 1094
709 1082
779 1024
834 957
874 877
896 789
898 700
894 613
886 527
321 523
365 474
435 457
502 471
569 498
639 494
699 463
759 447
819 457
851 508
607 537
614 597
621 657
627 720
553 740
585 757
622 772
654 756
679 734
408 543
438 524
476 523
512 543
476 554
438 555
675 537
707 513
746 511
777 526
749 542
711 544
472 843
523 837
574 832
615 841
653 830
697 830
738 835
700 874
658 888
617 892
575 890
524 879
491 848
574 853
616 857
654 850
721 840
655 855
616 860
574 856
