115 166
109 190
106 215
101 240
101 267
107 292
119 315
134 334
155 344
179 347
202 337
221 322
238 305
251 285
261 264
271 242
280 219
132 172
145 161
162 162
177 171
192 183
217 191
237 187
254 187
270 194
275 213
201 198
196 216
191 234
185 252
166 249
173 257
181 265
191 263
200 260
149 181
159 178
170 182
177 194
166 192
154 188
220 206
232 200
244 202
251 211
242 213
231 211
138 267
153 271
166 274
175 279
187 281
199 286
212 290
195 301
179 301
167 298
157 293
146 284
144 269
163 278
173 282
185 284
206 290
183 291
171 288
161 284
