140 147
140 168
141 190
144 211
151 232
164 250
181 266
202 277
225 281
247 278
265 266
279 250
291 233
298 214
302 195
305 176
306 156
162 125
172 114
188 109
205 111
219 118
243 120
257 115
273 117
285 124
292 137
230 137
229 151
229 164
229 179
204 184
215 188
228 193
239 189
250 186
176 139
185 135
194 136
204 142
194 141
184 140
251 145
260 141
269 142
278 148
269 147
260 146
186 213
201 205
216 202
227 206
238 204
252 208
264 216
252 231
238 237
226 238
215 236
199 229
190 213
216 211
227 213
238 212
259 217
238 226
227 227
215 225
