116 208
115 234
115 260
118 287
126 312
138 334
154 355
174 372
200 379
228 376
251 361
269 341
285 318
295 293
301 267
306 240
307 214
131 189
143 178
159 174
177 176
193 183
229 185
244 179
261 177
278 181
290 192
208 207
207 226
206 244
205 263
178 268
191 274
205 279
220 275
233 270
148 208
159 203
171 203
181 211
169 212
157 211
237 213
248 207
260 207
270 212
260 215
248 214
161 302
176 297
192 295
204 298
215 295
232 298
249 304
233 324
216 332
203 333
190 331
175 322
168 303
192 305
204 307
215 306
242 305
216 317
204 319
191 316
