63 160
62 196
65 233
70 269
81 304
101 335
125 362
153 382
187 389
223 387
253 369
280 344
301 317
312 284
319 250
328 217
335 182
86 145
103 123
131 116
161 118
188 128
225 134
254 128
283 129
310 141
322 166
206 155
204 178
202 201
200 225
161 237
178 244
197 251
216 247
234 243
116 157
132 149
149 150
163 160
148 160
131 160
243 167
260 159
276 162
291 171
276 173
259 170
141 300
161 293
181 288
195 293
210 290
229 298
246 310
226 317
207 320
191 320
177 318
158 311
148 301
180 300
194 302
209 302
238 308
208 306
193 306
179 304
