109 136
110 150
112 163
114 175
118 187
125 198
133 208
144 216
158 218
173 216
185 208
194 198
201 186
205 174
208 161
209 146
209 131
117 129
121 121
130 118
139 119
147 122
161 121
170 117
180 116
189 119
195 127
154 132
154 142
154 152
154 162
141 164
148 167
155 170
162 167
169 164
125 136
130 133
136 132
142 136
136 136
131 137
169 134
175 131
181 131
186 134
181 135
175 135
136 182
143 178
149 176
155 177
161 176
170 177
178 181
171 189
163 192
156 193
150 193
143 189
139 183
149 182
156 182
162 181
175 181
163 184
156 185
150 184
