120 189
119 223
119 256
124 290
136 321
155 348
179 373
208 394
242 402
275 397
298 375
320 349
337 322
348 294
354 265
355 238
354 211
163 172
181 159
203 154
225 156
245 167
287 173
305 164
323 162
341 167
349 183
265 193
267 214
268 236
270 259
230 260
246 268
264 276
281 271
294 265
187 191
202 187
215 187
226 195
213 194
200 193
291 201
305 195
319 196
329 203
318 203
305 202
193 296
218 288
244 288
262 292
279 290
296 292
306 302
293 331
274 345
256 346
237 343
213 328
198 298
243 299
260 302
278 301
301 303
275 327
257 330
239 327
