102 207
104 237
109 267
119 295
137 319
160 339
185 356
213 368
243 369
264 362
277 342
285 319
292 294
297 269
300 245
299 220
295 199
150 177
164 165
182 159
201 160
219 167
253 167
264 159
276 154
287 154
294 163
239 197
243 214
248 232
253 250
220 261
234 265
248 269
260 264
270 258
170 203
183 195
196 194
206 202
196 205
183 206
257 199
268 190
279 188
286 194
280 199
269 200
199 304
218 291
236 285
247 286
257 283
268 287
273 298
269 315
259 323
248 326
235 326
217 321
207 304
236 297
247 297
258 296
268 298
258 304
247 307
236 307
