138 146
138 166
142 187
147 208
154 229
163 249
174 266
188 281
208 285
230 282
251 269
268 253
280 233
288 211
292 187
295 163
296 139
139 132
146 122
158 118
171 120
183 125
212 124
226 118
241 116
256 120
266 130
197 144
197 159
196 174
196 190
175 196
186 201
198 204
211 200
223 195
151 148
159 143
169 143
178 149
168 150
158 151
224 147
233 141
243 141
253 146
244 149
233 149
174 231
179 220
189 215
198 217
208 214
221 218
234 228
224 241
212 248
201 249
191 248
181 241
179 230
189 226
199 227
208 225
229 227
210 233
200 234
191 233
