150 219
151 252
154 283
156 315
164 344
178 370
199 392
224 410
255 419
289 415
321 398
348 378
368 353
380 324
385 294
389 264
393 232
169 189
183 169
207 159
231 161
253 173
290 177
312 166
338 168
361 181
373 204
268 200
267 219
265 237
263 256
231 268
246 274
263 280
281 276
297 271
193 205
207 199
221 199
234 207
220 208
206 207
303 212
319 206
333 208
346 216
331 217
317 215
203 315
223 302
245 298
262 301
280 298
302 304
321 318
301 343
279 352
261 353
242 350
220 338
212 316
245 309
262 311
279 310
312 318
279 336
261 337
243 334
