46 118
50 134
57 150
65 166
73 180
87 191
103 199
121 205
139 204
154 197
162 184
168 169
171 153
171 137
170 121
168 107
164 93
64 104
72 98
83 94
93 92
105 93
123 92
130 87
139 82
148 79
157 82
118 103
121 113
126 123
130 134
113 144
122 144
131 144
137 141
142 138
77 111
83 107
91 104
97 107
92 111
84 113
133 101
138 95
145 93
151 95
147 100
140 101
105 169
114 162
124 158
132 158
138 155
146 155
153 158
150 167
143 173
136 176
128 177
117 175
109 169
125 166
133 165
139 163
150 159
141 162
134 165
126 166
