204 291
206 325
214 359
225 392
238 425
259 456
282 483
308 506
342 509
379 502
411 481
439 455
462 425
475 391
480 351
480 310
477 272
215 273
231 258
254 255
277 256
300 261
336 259
359 251
383 246
407 246
430 253
322 286
324 309
325 332
326 356
299 374
315 375
330 377
345 372
359 369
238 289
253 280
272 279
287 290
271 294
253 295
362 283
375 271
393 271
409 276
396 284
378 285
278 423
294 412
313 406
329 409
346 404
368 408
388 415
371 430
350 442
332 445
314 445
296 438
285 423
313 421
330 422
348 419
380 416
348 420
330 423
313 422
