92 178
90 201
89 225
93 248
103 269
118 287
137 301
156 310
176 313
193 310
206 301
218 286
228 271
237 255
244 235
247 216
248 198
126 169
142 163
158 161
173 164
187 173
205 178
215 174
227 174
237 178
243 185
194 190
196 203
197 215
198 228
173 237
183 239
193 242
201 240
210 239
142 181
151 178
161 180
168 188
159 189
150 187
209 194
218 188
228 190
234 196
226 198
217 196
153 262
168 257
182 255
192 258
200 257
208 261
214 269
205 273
197 276
187 276
177 275
164 270
158 262
181 263
191 265
200 265
211 268
198 265
189 266
179 264
