78 140
79 160
82 181
85 200
92 218
104 234
117 247
133 258
150 261
167 259
179 247
189 234
196 219
202 202
207 185
210 167
210 149
96 136
107 127
120 124
133 127
145 131
169 134
179 129
190 128
200 131
205 139
157 147
157 159
159 170
160 182
140 188
148 191
157 193
165 191
172 189
111 146
119 143
129 143
135 150
127 151
118 151
170 152
178 146
187 146
194 150
188 154
179 154
126 212
137 207
148 206
156 207
163 206
172 209
178 213
171 225
162 230
154 230
146 229
135 223
131 212
147 213
155 214
163 214
174 214
162 219
155 219
146 218
