39 109
41 129
44 148
49 167
58 184
71 198
88 207
104 215
123 217
141 212
155 201
167 188
177 172
182 154
183 135
182 116
181 98
54 100
62 92
75 89
88 90
101 94
122 92
133 86
146 82
159 82
168 88
113 107
115 120
116 133
118 146
100 153
109 155
118 157
126 154
134 151
70 110
78 107
86 107
94 111
86 113
77 113
131 108
138 102
147 101
154 103
148 107
139 108
93 175
101 172
110 171
118 172
125 169
134 169
144 170
136 178
128 184
120 186
112 186
103 182
98 175
110 175
118 175
126 173
139 171
127 176
119 178
111 177
