197 359
195 417
195 474
203 530
225 580
263 620
307 650
352 674
405 683
456 679
496 656
532 625
559 584
578 539
591 490
598 439
604 388
266 318
293 290
332 283
373 291
410 307
458 314
493 306
528 306
560 317
575 347
434 348
434 385
434 419
433 457
375 476
399 485
424 494
448 491
468 486
304 345
326 332
352 334
372 354
349 357
322 356
476 365
498 350
524 353
542 370
522 377
497 374
340 550
368 533
393 527
414 536
435 532
458 545
480 567
455 577
431 578
410 577
387 572
364 562
353 548
392 546
413 550
434 549
468 562
432 549
412 549
390 544
