63 176
67 202
70 227
77 251
88 273
107 291
128 305
150 317
174 318
196 313
214 298
231 283
244 262
252 240
255 215
255 188
254 163
89 170
100 159
116 154
133 153
150 157
174 155
188 148
204 144
221 146
232 156
162 175
164 194
166 213
168 232
147 238
157 241
169 244
180 240
189 235
108 181
118 176
129 174
139 180
129 183
118 184
188 176
197 169
208 168
217 172
209 177
198 177
138 265
149 262
160 260
169 262
178 258
190 258
201 260
193 272
183 279
173 281
162 280
151 275
144 265
160 266
170 266
180 264
196 260
181 266
172 268
161 267
