60 139
60 157
62 176
65 194
71 211
84 224
99 234
116 240
136 241
155 238
172 230
186 219
196 205
201 187
202 168
202 150
202 132
69 124
76 112
89 107
103 107
117 110
140 110
152 105
165 104
178 108
186 117
128 124
129 136
129 148
130 160
112 170
121 172
131 174
140 171
149 169
83 130
90 124
100 124
108 130
100 131
91 132
148 127
156 121
165 121
172 126
166 128
157 128
104 198
113 191
124 187
131 189
139 186
150 189
160 194
151 200
141 204
132 205
125 205
115 203
108 198
124 194
131 195
140 193
156 194
140 195
132 196
124 196
