92 228
94 264
97 302
104 338
118 370
143 393
178 409
216 422
257 425
298 422
336 409
368 391
393 366
405 331
408 292
406 253
405 213
122 179
134 153
160 138
190 136
221 144
269 145
297 134
327 132
355 144
369 173
247 181
248 199
250 216
253 235
221 262
237 265
254 268
270 264
286 260
155 201
170 190
189 188
207 199
189 204
170 205
288 198
304 185
323 184
339 195
324 200
305 200
191 321
213 303
237 295
255 298
272 295
295 301
318 316
296 327
274 331
256 332
238 332
215 331
201 319
237 312
256 312
272 311
307 315
272 311
255 312
237 313
