122 200
121 235
121 270
125 306
138 337
164 361
195 379
228 397
262 403
296 398
324 380
348 358
365 333
375 304
378 274
381 242
381 210
160 166
177 148
203 141
229 144
255 153
299 161
322 154
347 155
367 167
374 191
276 188
277 208
279 229
280 251
246 264
260 270
275 276
290 272
303 267
189 189
203 181
220 182
235 195
218 197
201 196
301 202
318 192
335 193
347 204
334 209
317 207
205 295
231 293
256 293
273 298
288 296
307 298
327 302
306 321
286 327
269 326
252 323
228 315
213 298
254 304
272 307
287 307
319 304
286 312
271 313
253 310
