84 129
82 156
83 182
87 207
99 230
119 248
142 263
166 274
189 277
209 275
222 263
232 247
241 229
250 211
256 191
258 171
258 151
124 117
138 106
157 104
175 109
193 115
221 119
235 116
247 115
259 119
263 130
206 137
207 152
208 166
209 182
182 191
193 194
203 198
213 196
221 193
144 134
155 129
166 130
175 139
164 140
153 138
220 144
231 137
241 138
247 145
240 147
230 146
155 219
173 216
190 214
200 217
209 216
219 219
225 225
217 235
207 240
197 240
186 239
170 232
161 220
189 224
199 226
208 225
220 225
208 226
199 226
188 225
