50 86
47 106
45 126
47 147
53 164
64 179
78 191
94 201
110 205
124 203
136 194
147 182
157 168
166 153
172 137
175 121
176 104
77 81
88 74
102 71
115 74
127 80
146 82
156 79
165 78
174 80
176 88
134 98
134 113
134 127
134 142
113 145
121 148
128 152
136 150
141 147
90 92
99 88
108 89
113 97
106 99
97 97
144 100
152 93
161 94
165 99
160 103
152 103
96 166
107 165
118 164
123 167
128 166
134 168
138 171
131 178
124 181
119 181
113 180
104 176
100 167
117 170
122 171
127 171
134 171
125 171
121 172
115 171
