133 256
135 297
139 338
150 378
168 410
195 435
230 454
266 468
300 469
329 463
352 441
370 415
385 388
394 357
399 323
402 289
399 257
194 246
210 223
237 211
266 214
295 223
336 229
354 217
373 212
391 218
398 237
311 262
315 284
319 305
323 328
287 347
302 349
318 353
331 349
342 345
224 267
240 256
259 254
272 269
257 276
238 275
334 269
349 255
367 253
377 264
368 273
350 274
254 395
279 389
302 382
314 385
325 382
338 387
347 396
336 409
323 414
311 416
297 416
276 410
263 395
301 396
314 397
324 396
341 396
323 395
312 397
299 396
