221 450
216 531
215 613
225 693
254 768
303 832
364 882
430 928
500 945
574 942
652 914
730 873
794 815
835 745
858 665
871 580
877 497
289 418
333 388
391 383
447 400
499 429
570 436
629 412
692 400
757 413
807 453
532 477
528 529
524 581
519 634
455 662
485 674
518 685
554 679
589 672
349 472
386 458
427 463
461 494
421 499
380 493
617 506
657 481
698 480
734 501
699 516
657 515
395 750
444 741
487 733
522 743
557 735
600 748
647 765
595 791
550 804
514 806
477 801
439 782
413 754
484 759
520 765
555 762
629 766
553 766
518 768
482 763
