144 383
143 442
144 500
153 557
174 610
208 656
250 696
298 729
354 740
417 732
477 703
533 664
580 617
607 561
618 500
621 434
618 369
177 351
203 328
240 325
277 336
314 349
386 343
428 328
471 317
516 321
554 344
350 395
349 432
347 468
345 506
296 527
321 534
349 542
379 534
408 527
220 395
246 383
275 384
302 409
272 411
242 408
417 407
444 383
474 379
502 391
478 406
447 409
256 582
293 582
327 578
353 584
380 577
418 580
465 581
420 611
381 626
353 628
325 626
292 611
271 586
326 597
353 600
380 596
450 585
381 600
354 603
326 600
