174 397
173 437
175 477
181 517
199 556
230 585
273 603
315 614
359 617
404 607
451 591
498 571
530 539
548 499
554 455
555 412
554 370
206 341
226 314
257 299
292 299
326 307
366 303
401 287
439 281
476 289
502 314
348 343
348 364
347 385
347 408
309 441
329 445
351 449
374 442
395 435
242 366
263 356
285 353
307 365
285 367
263 368
404 356
427 343
447 340
468 348
449 354
428 356
272 503
303 486
329 476
352 478
374 472
405 478
440 494
408 503
379 509
355 513
332 513
305 512
286 502
330 493
353 493
375 490
429 493
377 494
354 496
331 496
