58 150
58 168
60 186
63 204
69 221
80 236
94 248
107 259
125 262
145 259
165 250
187 240
205 226
216 207
220 185
220 164
221 143
66 134
73 125
85 123
98 125
111 130
131 128
145 121
161 117
177 118
192 126
120 143
119 155
118 166
118 177
105 187
113 188
121 190
130 187
139 185
80 150
88 144
97 144
106 151
97 153
87 153
145 148
153 141
163 139
172 144
164 147
154 148
90 207
102 205
114 202
122 203
131 201
145 201
162 203
146 214
132 220
123 221
114 221
103 218
95 208
114 208
122 208
131 206
157 204
132 212
123 214
114 214
