74 161
72 185
72 209
73 235
78 260
87 284
100 305
117 324
143 331
171 332
197 320
218 301
234 279
246 255
253 231
257 206
259 181
87 143
97 136
111 136
126 139
139 148
163 153
180 148
199 147
216 151
229 161
149 167
146 187
144 207
141 227
125 233
133 239
143 245
155 241
165 237
100 165
106 161
116 164
126 170
115 172
105 171
177 176
185 170
197 171
208 177
197 180
186 180
109 268
121 267
133 268
143 271
153 270
168 273
184 278
168 288
153 290
142 290
131 287
120 280
115 270
132 275
143 278
153 278
178 278
153 280
143 279
132 276
