47 132
53 153
60 173
68 191
81 207
98 219
119 225
140 228
160 224
177 217
187 204
193 188
194 169
192 150
190 133
187 117
181 100
69 115
79 104
93 98
108 98
124 100
138 94
148 86
159 79
172 78
180 85
136 106
139 119
144 133
148 147
132 158
140 160
149 160
156 156
161 150
89 120
95 114
103 111
112 114
105 118
97 121
151 105
157 97
165 95
171 98
167 103
160 104
121 190
133 186
144 182
152 182
158 179
166 177
174 177
169 184
163 189
157 191
149 193
137 193
126 190
145 187
153 187
159 184
171 178
160 182
155 185
147 186
