76 216
81 239
88 261
96 284
107 304
123 323
142 337
165 346
191 346
216 340
236 324
251 305
260 281
266 257
267 231
263 205
258 179
87 189
97 176
112 170
129 169
146 173
166 169
181 161
198 157
216 158
231 165
159 187
162 206
164 225
167 244
151 258
161 262
174 264
185 257
195 251
107 201
115 193
125 192
137 196
126 199
116 202
187 189
195 181
206 179
218 182
209 186
198 188
142 296
155 289
168 284
179 285
189 282
205 281
223 284
209 297
195 305
184 307
174 308
158 305
148 296
170 292
180 292
190 289
217 285
192 294
182 297
171 297
