54 134
51 152
50 171
50 191
52 211
56 233
65 253
78 269
99 276
123 275
146 266
168 253
185 236
197 216
204 194
208 172
212 149
58 118
65 108
78 106
91 108
103 114
125 116
141 112
159 111
175 117
187 127
110 127
107 142
103 156
100 171
86 178
92 182
101 186
113 183
124 181
69 130
76 126
84 126
92 131
84 132
76 132
138 134
147 130
156 132
164 137
155 137
146 136
76 209
84 206
94 205
103 208
114 206
131 209
146 215
131 227
114 232
102 232
92 229
83 222
82 211
93 211
103 212
114 212
141 216
114 222
103 222
93 219
