58 186
59 218
67 250
76 280
90 311
110 339
133 368
160 394
196 400
233 392
268 369
300 342
326 311
344 276
350 236
348 196
345 155
63 158
73 145
93 144
116 147
137 153
176 141
203 133
230 128
256 129
281 139
156 169
155 197
153 226
152 256
132 261
145 270
161 275
179 267
194 258
88 172
99 163
118 163
131 173
117 179
99 179
203 169
215 155
234 153
249 160
237 169
220 172
127 304
139 299
154 298
168 300
187 296
214 294
242 295
221 316
196 326
176 329
160 328
144 321
135 307
156 305
170 306
189 303
234 297
192 314
173 317
158 314
