83 160
76 181
73 204
74 228
76 252
80 278
88 300
101 317
124 325
152 328
181 320
209 306
232 288
251 267
263 242
270 215
276 188
89 125
97 115
113 112
129 115
143 124
159 128
180 125
204 129
224 140
237 157
146 143
140 161
134 178
128 197
112 212
120 218
129 223
143 221
156 219
99 141
107 135
118 137
127 146
116 146
106 145
178 155
189 149
201 153
211 162
199 162
187 159
99 253
108 250
121 249
129 254
139 252
155 259
173 267
152 273
135 274
125 272
115 270
106 263
103 254
119 257
128 259
138 260
167 266
137 264
127 263
118 260
