48 112
49 128
51 143
53 159
59 174
68 188
79 200
92 210
111 213
129 211
142 202
154 190
163 176
170 162
172 145
173 129
174 112
57 97
64 88
77 83
90 84
102 88
118 88
130 85
142 84
154 88
161 97
110 100
110 113
109 126
109 139
94 147
101 150
109 153
118 150
125 147
71 104
77 99
85 99
92 104
85 106
77 106
128 105
135 99
143 99
149 104
143 106
135 106
81 172
91 170
102 169
109 171
116 169
127 171
139 174
128 181
117 184
110 184
102 183
92 179
85 173
102 173
109 174
117 174
135 175
117 177
110 178
102 177
