95 206
98 225
101 243
107 261
114 279
126 293
143 302
162 310
184 311
206 307
226 298
244 287
257 271
263 251
265 230
264 209
262 188
106 182
114 171
128 166
142 168
156 172
180 168
194 158
209 154
226 154
239 164
169 186
170 198
171 210
172 223
159 236
167 237
175 238
182 235
190 233
124 197
132 191
142 190
151 195
142 198
132 199
194 189
203 182
213 180
222 184
215 188
204 190
150 269
160 262
169 257
177 258
185 255
196 257
211 263
198 266
188 268
179 270
171 270
162 270
155 268
170 262
178 262
186 260
206 262
186 261
178 262
170 262
