63 110
64 126
65 142
68 157
74 172
86 183
101 192
117 198
133 199
147 198
158 191
168 180
174 168
178 154
181 139
184 124
184 110
86 92
96 88
107 87
118 89
127 94
150 94
159 91
167 90
176 92
181 98
139 109
140 118
141 127
142 137
128 145
134 146
139 148
144 147
149 146
97 108
105 105
113 106
119 112
112 114
103 112
151 113
157 108
164 108
170 111
165 116
158 116
114 164
125 161
133 159
139 161
144 159
150 162
156 167
149 170
144 172
138 172
132 171
124 169
117 165
133 164
138 165
144 165
152 167
144 164
138 165
132 164
