70 76
71 90
72 104
75 118
81 130
92 139
105 145
119 151
132 152
144 150
153 144
160 135
166 126
170 114
172 103
173 92
172 81
92 66
100 60
111 58
121 60
130 64
142 66
149 62
156 61
163 63
166 69
136 76
138 84
139 92
141 100
127 107
132 108
137 109
141 108
145 107
103 76
109 73
115 74
119 78
114 79
108 78
145 80
149 76
155 75
158 79
155 81
150 81
114 124
123 122
131 120
135 122
139 121
143 122
148 125
143 127
138 129
134 129
130 129
122 127
117 124
131 123
135 124
139 124
145 125
139 124
135 124
131 124
