61 147
62 169
67 192
71 214
79 238
92 260
108 279
126 298
150 304
176 299
199 284
220 268
237 247
248 223
253 197
256 170
257 142
69 140
80 132
96 131
112 134
128 139
159 139
176 132
195 128
214 129
231 136
143 150
143 167
142 185
141 202
128 209
135 213
145 215
155 211
164 207
89 148
98 140
112 141
123 151
111 155
97 154
173 150
182 139
196 138
209 143
198 150
184 152
116 232
127 229
138 227
148 228
157 226
172 226
188 228
174 245
159 253
149 254
138 253
127 247
122 234
138 232
148 233
158 232
182 229
159 241
148 243
138 242
