56 122
59 137
63 154
68 169
74 182
84 194
98 203
114 210
131 209
146 204
158 194
167 182
174 168
176 153
176 136
175 120
174 104
68 116
75 107
86 104
97 104
107 107
124 104
133 98
143 95
153 96
161 101
117 113
119 124
122 134
124 145
112 152
118 154
124 155
130 151
134 148
82 119
88 114
96 113
103 118
96 121
88 122
131 114
137 108
144 107
150 110
145 114
138 115
101 169
110 167
119 164
125 165
131 162
139 162
149 162
141 168
134 172
128 174
121 175
112 174
104 170
119 169
126 169
132 167
146 163
133 166
126 168
120 169
