61 121
65 137
69 153
74 167
81 181
91 193
104 202
120 208
137 207
152 203
163 192
171 179
176 165
178 150
177 134
176 119
175 104
73 116
80 108
91 103
102 103
113 105
131 102
140 97
149 95
159 95
166 101
124 112
126 123
129 134
131 145
117 151
124 153
131 154
137 151
142 147
88 120
94 115
102 114
108 118
102 120
94 122
137 114
143 108
150 107
156 110
151 113
144 114
105 170
116 167
125 164
131 165
137 162
145 162
153 162
147 168
140 172
134 174
127 175
117 174
109 170
125 169
132 169
138 167
150 164
139 166
132 168
126 168
