90 154
91 170
94 185
98 202
104 219
113 233
126 246
141 257
160 258
181 254
199 242
214 228
225 211
233 191
234 170
232 150
229 129
91 152
97 146
108 146
119 146
130 147
148 142
159 135
171 131
185 128
198 130
140 152
140 165
140 179
140 194
128 194
136 199
145 201
156 196
165 190
103 155
110 152
117 152
126 154
118 156
110 157
162 148
169 142
178 141
186 141
179 145
171 147
120 208
130 208
140 209
149 209
159 206
173 202
188 198
176 211
163 219
153 222
144 222
132 219
125 209
141 212
149 213
160 210
185 199
162 211
151 214
143 213
