46 103
48 126
52 148
57 169
66 188
81 203
100 215
122 224
144 226
164 222
178 209
190 194
198 176
201 157
203 138
205 118
205 99
70 95
82 85
97 80
113 81
129 85
151 85
164 80
178 78
192 80
200 91
143 96
145 109
146 122
148 136
130 145
138 147
146 148
153 147
159 144
91 99
99 93
110 92
117 98
109 102
99 102
158 98
166 91
176 91
183 96
177 100
167 100
112 174
125 168
136 165
145 166
153 164
161 166
169 171
162 178
154 180
147 180
137 180
125 179
117 174
136 171
145 172
153 170
165 171
154 170
146 172
137 171
