306 464
312 542
321 620
337 697
363 768
408 831
465 884
531 919
608 924
684 907
744 864
795 813
832 752
852 683
858 609
859 534
857 464
384 435
411 392
456 368
508 363
554 374
661 375
705 357
753 352
796 369
820 404
612 441
615 497
619 551
623 607
555 633
586 640
619 649
649 639
674 628
443 467
470 446
502 445
530 464
502 469
470 471
682 457
710 435
740 431
768 447
745 456
714 458
489 724
537 717
580 712
613 717
647 708
682 710
722 717
685 745
649 763
613 769
577 766
534 752
506 725
580 730
614 733
648 727
709 721
647 731
612 737
578 735
