72 129
71 153
72 176
75 199
83 220
95 240
111 257
130 269
151 273
171 270
185 258
197 244
207 226
214 208
220 189
226 170
228 151
100 128
112 117
127 113
142 116
156 124
182 126
195 122
208 120
220 124
226 136
170 139
171 157
171 174
172 192
147 195
157 200
167 204
176 202
182 197
116 138
124 131
135 132
142 141
133 143
123 143
185 144
194 136
205 136
212 144
205 147
194 147
123 219
138 219
152 219
161 222
171 221
180 223
187 224
178 235
168 240
158 241
148 239
134 232
127 221
150 225
161 227
170 226
183 226
169 229
160 230
149 228
