98 172
101 196
106 221
112 244
120 265
131 285
144 303
162 317
186 319
210 315
229 301
244 285
257 264
264 242
268 217
270 191
270 166
113 164
122 149
138 142
155 145
171 152
195 150
209 142
225 138
242 143
252 157
184 167
185 186
186 206
186 225
165 230
175 234
187 238
198 233
208 227
133 174
140 167
150 167
158 173
150 177
140 177
210 171
217 164
227 163
235 169
229 173
219 174
149 259
162 256
175 254
187 256
197 253
210 254
224 256
210 269
198 277
186 279
174 278
161 272
154 259
175 261
187 262
198 260
219 257
197 263
186 265
175 264
