137 489
148 561
166 637
191 704
229 772
282 838
348 892
422 930
501 928
575 897
641 836
692 764
733 690
758 609
764 521
756 433
745 347
158 442
178 397
221 376
274 369
327 381
414 357
463 323
519 303
578 302
630 326
384 429
392 477
399 524
406 574
356 614
388 619
425 624
459 604
491 587
226 484
250 468
282 460
318 465
288 477
256 485
481 427
505 408
538 400
575 398
546 413
515 423
330 711
363 689
402 677
439 675
473 662
525 653
584 652
545 722
499 758
459 772
421 776
373 767
343 711
408 691
444 686
479 674
568 660
488 731
450 744
412 746
