103 321
114 371
127 419
141 465
161 508
193 545
231 574
277 595
325 593
365 581
395 548
418 508
434 464
439 419
440 374
443 330
442 283
144 310
163 284
195 270
230 269
265 277
324 266
350 249
378 241
406 246
421 269
295 312
299 350
304 388
309 427
268 444
289 448
312 451
330 441
345 431
184 334
204 326
226 323
247 329
227 338
206 341
335 317
354 306
374 303
390 307
377 317
357 319
246 504
274 499
297 491
317 494
335 484
356 481
377 479
363 501
345 517
325 524
305 526
279 521
257 506
299 503
319 503
338 495
368 482
341 496
321 504
301 505
