213 604
226 689
239 771
261 850
295 921
344 987
405 1040
478 1079
563 1085
647 1069
709 1021
760 961
800 888
821 808
828 721
831 630
831 540
275 550
297 489
356 457
420 459
479 479
559 478
618 448
684 435
748 458
778 516
529 534
536 600
542 665
549 733
473 768
510 777
551 786
591 772
626 756
348 581
378 553
416 547
450 571
417 584
381 588
613 556
650 530
686 526
717 549
689 562
652 562
424 875
466 864
511 856
548 865
584 854
632 859
681 866
634 905
588 923
551 928
512 925
468 909
441 876
512 880
550 883
587 879
663 870
585 884
549 891
510 885
