63 94
61 106
61 119
62 131
65 142
72 152
79 162
88 170
99 173
113 173
125 166
137 158
146 148
152 137
156 126
159 114
161 102
69 89
75 85
83 83
92 85
100 88
114 89
124 88
134 89
142 92
148 98
106 98
104 107
103 115
101 124
92 127
96 129
101 132
107 130
113 129
78 98
83 97
90 97
96 100
89 101
82 101
118 103
125 101
131 102
137 105
131 106
124 105
84 140
90 139
96 138
101 140
106 139
114 141
122 144
113 152
106 155
100 155
95 154
89 150
87 142
96 143
101 144
106 143
119 145
106 147
100 148
95 146
