110 299
120 345
134 390
154 434
180 473
213 508
253 536
301 553
352 548
400 527
437 495
468 457
489 410
498 358
494 303
484 250
472 199
118 236
122 197
147 170
181 162
214 166
271 147
303 123
342 110
382 118
410 147
252 208
257 237
262 267
268 298
243 339
263 339
285 338
305 327
325 315
160 258
169 238
189 231
212 236
194 247
175 255
314 206
326 186
348 180
369 186
353 196
332 203
239 446
251 409
274 390
297 389
316 377
347 378
378 396
363 428
339 444
318 452
294 458
265 457
251 439
279 411
302 406
322 397
367 398
330 419
309 426
286 430
