142 254
148 294
154 333
163 371
181 404
210 431
246 450
287 462
326 462
359 453
383 431
399 403
409 370
413 335
414 301
414 268
412 234
183 226
199 201
228 187
259 189
288 197
318 196
342 187
368 184
392 195
403 217
307 226
312 251
317 276
322 301
288 321
303 325
320 328
333 322
344 316
221 243
235 236
250 234
265 238
251 243
236 245
337 235
350 230
364 230
377 236
365 239
350 238
273 382
291 370
308 364
322 366
334 362
349 365
362 373
353 385
340 391
327 393
312 393
294 390
282 380
308 375
323 376
336 373
355 372
338 373
325 376
310 375
