515 671
480 843
458 1020
440 1198
439 1380
485 1552
585 1690
720 1798
893 1855
1083 1881
1271 1836
1427 1752
1542 1642
1626 1498
1688 1348
1744 1197
1795 1029
660 578
730 474
858 437
988 471
1101 548
1280 598
1417 587
1561 624
1676 726
1705 877
1151 737
1122 849
1091 957
1061 1069
912 1128
970 1162
1037 1197
1116 1194
1191 1191
770 693
832 664
907 685
968 747
891 737
817 723
1322 835
1397 803
1473 833
1529 893
1452 890
1376 866
774 1409
850 1341
937 1320
1003 1351
1077 1347
1154 1414
1205 1521
1124 1525
1037 1511
962 1498
889 1478
822 1449
808 1404
922 1402
991 1421
1065 1428
1168 1496
1058 1430
983 1420
914 1401
