122 257
136 322
153 385
173 448
206 506
253 557
311 595
375 622
445 620
505 597
549 552
583 498
605 436
613 368
612 303
606 239
596 176
175 198
197 159
238 137
285 132
332 138
401 121
439 102
479 92
520 100
546 132
376 194
385 238
393 280
402 324
355 358
381 361
408 365
432 352
453 340
235 233
257 215
283 210
309 222
286 230
260 234
438 201
459 180
484 174
505 182
489 193
464 198
316 443
344 413
384 399
414 400
444 391
484 393
514 409
496 472
459 503
427 512
395 511
351 495
329 442
387 417
417 416
447 408
503 414
453 473
422 482
390 481
