54 98
53 114
53 129
54 145
59 159
68 172
80 182
94 189
109 192
123 190
135 182
145 172
153 160
158 147
161 134
163 121
165 107
72 90
81 86
91 84
101 86
110 91
126 92
135 89
144 87
153 90
159 97
118 101
118 112
118 123
117 135
102 135
108 138
115 142
122 140
127 137
83 99
89 96
96 97
102 102
95 102
89 102
131 104
137 101
144 101
149 105
143 107
137 106
86 146
96 147
105 148
112 151
119 149
126 150
133 151
125 158
118 160
111 160
104 159
95 155
89 148
105 153
112 154
119 153
130 152
118 154
112 155
105 153
