205 301
192 352
183 404
182 455
193 505
219 550
255 586
295 617
341 632
384 633
419 610
447 582
472 549
490 512
506 474
519 438
528 400
290 275
318 262
352 263
383 275
409 296
465 320
491 312
516 313
537 328
539 358
426 359
422 393
419 426
415 459
358 460
376 473
396 486
414 484
430 479
317 334
339 329
360 333
372 352
353 355
332 348
455 378
478 370
497 374
506 390
493 396
473 390
307 508
338 504
366 507
384 517
403 517
420 528
429 546
410 555
390 555
371 551
350 543
328 527
318 509
360 521
380 527
398 530
421 541
396 532
378 530
358 522
