41 104
41 129
43 155
48 181
58 205
73 226
91 244
111 256
133 259
154 256
172 242
189 224
201 204
209 184
215 162
219 139
222 116
59 95
72 84
91 81
109 84
125 92
154 93
169 88
187 87
203 90
213 102
140 108
140 125
140 141
140 157
117 166
126 169
136 173
147 170
156 168
78 108
88 103
100 104
111 112
99 115
87 115
163 114
174 107
186 108
194 114
186 118
174 118
100 204
112 196
126 192
135 196
144 193
156 199
166 207
156 218
144 222
134 223
124 222
111 216
105 205
125 204
134 205
144 205
161 207
144 206
135 207
126 206
