60 126
61 147
65 168
70 187
77 204
89 220
106 233
125 242
145 245
166 242
181 232
193 218
204 202
211 184
215 165
218 144
218 124
71 107
83 97
98 93
114 92
129 95
157 93
171 88
186 88
200 90
210 99
145 113
146 124
146 135
147 148
127 162
137 163
146 165
155 163
164 161
87 125
97 120
108 120
119 124
108 126
98 127
167 122
177 117
188 116
197 120
188 123
177 123
108 195
121 187
134 182
144 184
154 181
168 184
181 192
169 205
156 210
145 212
135 211
122 207
114 195
135 193
144 193
155 192
175 193
155 197
145 198
135 198
