95 241
105 284
115 325
129 365
152 398
183 426
221 447
262 462
300 462
333 450
355 425
372 395
383 361
390 326
391 288
386 249
380 213
131 206
150 185
177 177
206 177
234 182
289 178
308 165
329 155
353 155
367 170
267 216
274 239
281 262
288 286
249 311
268 312
286 315
300 309
313 303
165 235
180 219
201 218
218 234
202 241
180 243
299 224
312 205
332 200
348 212
337 223
317 226
222 379
243 359
269 348
286 350
301 343
323 349
341 362
329 396
309 409
293 414
275 416
247 408
234 378
270 367
287 366
302 363
330 364
306 382
290 387
273 388
