294 575
287 668
289 765
309 860
345 939
400 1011
466 1068
534 1111
615 1127
692 1112
757 1060
815 1003
862 936
897 857
914 782
930 687
936 598
368 539
410 507
466 503
523 516
576 537
683 530
734 517
787 511
838 520
873 557
630 594
628 646
626 695
623 748
538 783
575 797
614 810
657 800
694 789
426 608
460 599
497 601
528 616
494 621
458 621
715 622
754 608
791 611
820 623
789 634
753 631
488 926
529 895
576 880
610 893
645 885
687 903
728 931
684 975
643 991
606 993
569 988
527 966
509 927
573 926
610 932
644 930
705 931
643 930
609 934
573 927
