97 174
97 211
100 248
108 284
127 318
152 346
181 371
213 392
247 400
278 395
301 373
320 348
338 319
351 288
360 256
364 225
363 196
148 156
172 144
200 139
228 143
254 152
293 154
312 144
332 139
353 142
364 155
271 184
273 204
276 223
278 244
236 257
253 262
271 268
287 263
301 258
176 185
193 176
211 177
227 189
209 191
191 191
297 190
314 178
331 176
344 184
332 191
314 191
197 296
223 286
250 284
266 288
280 284
298 287
313 299
297 333
278 345
262 347
245 345
219 330
207 297
249 297
265 299
278 297
304 300
278 321
264 324
247 321
