55 104
47 123
40 143
33 162
32 184
35 203
44 221
55 236
72 248
93 254
114 252
135 247
153 237
169 224
181 208
189 192
197 175
78 89
88 81
102 81
114 87
125 97
148 111
164 113
178 119
189 130
191 146
132 123
127 134
123 145
118 156
95 160
102 165
110 170
120 172
128 174
88 105
96 103
105 108
108 118
101 114
93 110
149 137
158 135
166 139
170 149
163 146
155 142
66 183
80 182
95 184
102 189
112 191
122 199
128 211
113 218
100 219
91 216
83 211
72 201
70 186
92 190
99 194
108 197
123 209
105 209
96 206
89 202
