121 328
126 372
136 415
147 460
164 502
192 539
229 563
267 578
311 581
354 571
391 551
425 523
448 486
461 442
467 396
471 348
470 299
139 277
155 245
187 230
223 229
256 240
304 240
336 227
374 224
410 235
432 262
284 283
285 313
286 343
287 374
250 401
270 404
291 407
310 401
329 396
178 296
195 280
219 281
239 300
217 305
194 305
334 294
353 272
376 270
396 284
379 295
355 297
228 466
252 454
274 447
294 452
313 445
339 448
368 457
343 479
318 487
298 490
279 489
255 484
239 465
276 460
295 461
314 457
357 457
316 469
297 472
277 471
