145 173
145 196
146 219
150 241
157 264
169 284
185 301
206 313
231 317
256 315
277 306
294 291
307 272
315 250
318 225
319 201
319 177
159 144
171 131
188 126
206 127
223 133
245 134
263 129
282 127
299 134
309 151
235 153
234 167
234 181
234 196
211 210
223 212
234 215
245 214
255 213
178 159
187 154
198 154
208 159
198 162
187 162
261 161
272 157
282 158
290 163
282 165
271 164
192 245
208 240
222 238
233 241
244 239
259 243
274 250
258 257
244 261
232 261
221 260
207 255
197 245
222 247
233 249
245 248
268 249
244 248
232 249
221 246
