64 98
65 115
67 132
70 149
76 165
87 178
102 188
119 195
137 197
153 193
164 184
173 172
179 158
183 144
186 128
186 113
185 98
86 83
94 74
106 70
119 70
131 73
144 73
154 70
164 70
174 74
179 82
138 85
139 95
141 104
142 114
126 124
133 126
140 128
147 126
153 124
99 92
105 88
112 88
118 91
112 93
105 93
153 92
159 88
165 89
171 92
165 93
159 93
113 154
124 146
134 142
140 144
146 142
153 146
158 154
152 158
145 160
139 161
133 160
123 158
117 153
133 151
140 151
146 151
155 153
145 151
139 152
133 151
