77 201
81 222
87 243
93 265
100 286
112 304
129 318
148 330
171 332
196 329
221 314
245 299
261 279
270 255
272 228
270 201
269 173
81 189
90 177
106 173
123 176
139 181
156 178
172 171
190 166
208 167
225 173
148 190
149 205
149 220
150 237
141 248
147 250
155 251
164 248
172 245
102 198
109 192
119 192
129 196
120 199
111 200
179 191
187 184
197 183
208 185
199 190
189 191
135 283
143 277
151 273
158 275
167 272
179 274
195 277
182 282
170 284
162 286
154 286
147 286
140 283
152 280
160 281
168 279
189 277
168 278
160 280
153 279
