136 343
140 384
152 424
162 465
169 507
187 546
214 577
247 602
294 605
347 597
398 578
445 552
482 516
502 470
511 421
513 371
514 319
142 317
155 296
182 288
212 289
238 299
278 293
311 279
347 273
384 279
418 293
258 319
256 349
254 380
252 412
234 435
247 441
264 446
285 438
304 432
172 336
187 324
207 323
227 334
207 337
188 338
322 327
341 312
363 311
386 319
367 325
345 327
218 501
237 490
256 483
270 488
286 482
316 487
352 490
317 507
288 514
272 516
258 515
239 514
226 500
257 497
271 498
287 495
341 490
286 497
270 499
256 498
