103 210
106 237
111 264
117 289
126 314
142 336
164 352
188 365
214 369
240 363
259 346
277 326
290 303
297 278
300 252
303 226
303 202
126 201
140 189
159 186
178 187
196 194
228 194
243 185
260 183
278 184
290 194
213 209
215 229
217 248
219 268
195 272
206 276
219 280
229 275
238 269
150 213
161 207
174 207
185 215
172 218
160 217
235 212
245 201
258 200
269 205
259 211
247 212
168 294
187 294
204 293
216 295
226 291
240 289
256 287
242 309
228 319
217 322
204 322
186 315
174 296
204 301
216 301
227 298
250 290
227 307
216 311
204 311
