74 186
75 205
78 227
84 247
90 266
98 286
110 300
126 313
146 316
169 314
195 304
219 291
238 274
251 251
257 224
257 196
257 169
75 169
83 160
95 158
109 160
123 164
139 161
156 156
175 154
193 159
210 168
130 175
129 190
128 204
127 219
117 230
124 234
132 235
142 232
152 230
89 178
96 172
107 172
116 178
106 180
96 181
160 176
168 168
180 169
191 173
182 177
170 178
113 267
119 259
128 256
134 258
143 255
158 259
174 262
159 267
145 270
136 271
129 272
121 271
116 266
129 263
135 263
144 262
168 262
144 262
135 263
129 263
