80 157
79 176
80 194
82 213
83 233
89 250
101 264
116 274
136 277
158 277
182 272
204 264
221 250
232 232
239 211
242 190
245 168
85 143
92 132
105 127
120 128
133 134
155 134
170 129
188 130
204 136
216 146
141 146
139 158
137 171
135 185
125 195
130 198
137 200
146 198
155 196
98 151
105 145
115 145
125 152
114 154
105 154
168 152
177 146
187 147
196 153
187 155
177 154
112 225
121 219
131 216
138 218
146 217
158 220
172 226
157 230
145 232
136 232
129 231
120 231
116 224
130 223
138 224
146 223
167 226
145 224
137 224
129 223
