155 392
155 437
164 483
178 528
197 573
221 615
252 650
283 681
327 689
383 682
439 656
494 623
536 578
563 524
576 464
574 402
570 338
151 353
164 326
195 320
230 326
263 335
308 333
343 315
384 304
425 306
463 321
284 360
283 396
282 432
281 470
261 495
277 502
297 507
321 498
344 488
186 370
204 352
229 352
252 372
228 377
203 378
354 361
375 339
402 337
426 350
407 361
380 364
251 566
268 556
288 548
305 552
323 545
360 548
400 550
365 572
329 582
310 586
292 587
274 585
262 567
289 564
306 564
325 561
388 552
326 563
307 566
290 566
