120 107
121 117
123 128
127 138
131 149
136 159
143 168
152 176
164 178
177 175
189 168
200 159
208 148
213 136
214 123
214 110
212 96
120 99
124 93
132 91
140 92
148 95
157 93
166 89
176 86
186 87
193 92
153 102
154 111
154 119
154 128
149 133
153 135
157 136
161 134
166 132
129 104
133 101
139 101
144 104
139 105
133 106
169 101
174 97
180 96
185 99
181 101
175 102
145 151
150 148
154 146
159 147
164 145
171 145
179 146
172 151
166 154
160 155
156 155
151 154
148 151
155 149
159 149
165 148
176 146
165 148
160 149
155 149
