121 366
117 413
116 464
117 512
127 559
149 601
184 634
227 657
280 665
336 664
390 645
435 618
468 579
489 533
502 484
511 435
516 384
150 315
173 286
211 279
248 287
282 306
344 310
381 298
420 299
456 315
477 345
310 348
308 387
305 426
302 465
262 484
279 492
298 499
318 495
338 490
186 346
207 334
232 338
255 355
229 358
204 356
365 365
388 351
413 353
432 367
413 374
388 372
216 556
244 545
272 540
296 549
321 542
348 549
371 560
344 576
317 584
290 586
265 583
240 575
226 557
270 557
294 560
320 557
360 560
319 558
293 562
268 558
