67 150
68 168
70 187
74 205
79 223
89 239
102 253
119 264
139 267
160 265
179 256
196 244
210 228
217 208
221 188
223 167
223 147
76 133
83 120
98 115
113 117
127 122
152 122
166 115
181 114
195 119
204 131
139 138
139 153
139 167
139 182
125 191
132 193
139 196
146 193
154 190
93 141
100 136
110 136
119 142
110 144
100 144
162 142
171 136
181 135
188 140
181 143
172 143
109 217
120 213
130 211
140 213
149 211
160 212
171 215
160 224
149 228
139 229
129 229
119 225
113 217
130 216
139 217
149 216
166 216
149 217
139 219
130 217
