158 350
158 388
162 424
169 461
177 497
193 529
215 559
245 581
283 587
322 581
355 561
382 534
401 500
414 466
426 431
432 396
436 357
175 351
193 331
222 327
251 334
275 348
300 351
327 340
357 338
387 344
407 364
287 369
286 401
284 432
283 464
252 465
267 473
284 480
300 474
314 467
200 362
215 354
234 356
251 371
231 373
213 372
325 375
343 362
363 362
378 372
363 380
344 379
231 508
251 506
269 505
284 509
299 505
317 508
335 511
316 523
298 529
282 530
266 529
248 523
239 510
268 513
284 515
299 513
327 512
298 514
283 517
267 514
