65 122
64 142
65 161
66 180
69 200
76 218
87 234
101 248
122 252
145 251
166 244
184 233
198 218
207 200
210 179
214 160
215 139
71 110
79 97
93 92
108 95
121 102
140 103
157 96
174 96
190 103
198 118
131 115
129 128
126 141
124 154
107 164
115 167
124 171
135 169
145 168
85 116
94 110
103 110
111 117
102 118
93 118
152 121
162 115
172 116
180 123
171 124
162 123
95 194
105 187
116 186
123 189
132 187
146 191
159 199
145 205
131 207
122 207
113 206
104 201
100 193
115 194
123 195
132 195
154 197
132 196
122 197
114 195
