122 298
127 344
134 389
144 432
161 474
186 512
219 542
258 566
307 571
354 562
391 536
420 503
444 465
458 422
461 376
459 330
454 285
150 270
166 240
198 225
233 226
265 239
316 231
349 217
383 212
415 224
431 254
294 268
296 299
298 328
300 359
260 381
280 386
302 389
322 383
340 375
190 280
208 263
230 260
252 276
232 281
209 284
335 272
355 254
378 253
394 268
378 274
356 274
235 445
261 431
285 424
304 427
322 422
343 424
366 433
346 453
326 463
307 466
287 467
262 460
245 443
286 435
305 436
323 433
357 433
323 443
305 448
286 448
