55 124
56 145
57 166
60 188
67 209
80 228
95 245
114 257
135 262
155 260
173 249
188 233
198 215
206 195
209 172
211 149
211 126
71 112
80 101
95 97
111 99
127 105
149 103
164 98
179 98
193 102
201 113
137 117
137 132
137 147
136 162
118 171
128 174
137 176
146 174
155 171
90 119
98 113
108 113
117 120
108 122
98 122
157 120
166 113
176 113
183 119
176 123
166 122
103 200
115 196
127 195
136 197
145 195
158 196
169 201
159 210
147 215
137 216
127 215
115 211
107 200
127 199
136 200
146 199
164 200
146 205
136 207
127 206
