88 237
93 266
101 297
113 326
130 352
151 374
178 390
208 399
242 397
277 388
304 369
325 345
338 317
342 286
339 252
332 218
324 187
100 191
108 168
127 156
149 153
173 155
211 146
231 134
254 129
277 135
292 151
199 180
203 198
206 215
210 234
188 264
202 263
216 263
229 258
242 253
129 203
139 190
155 186
172 196
158 200
142 204
231 181
244 167
259 164
272 173
262 178
246 180
178 317
194 299
210 288
223 288
234 283
254 285
275 296
260 303
244 309
232 313
218 315
200 316
186 313
212 300
225 298
237 295
268 295
239 296
228 300
215 301
