49 156
49 182
51 209
55 233
62 258
77 280
98 293
122 300
151 302
178 300
199 291
215 276
226 257
233 236
237 214
242 192
243 169
73 122
88 107
109 101
131 102
152 110
178 113
195 110
212 113
227 120
234 135
164 130
165 143
166 155
167 169
139 190
150 192
161 193
172 193
182 192
95 136
105 129
118 129
130 137
117 137
105 137
184 141
196 135
207 138
215 148
205 147
193 144
115 231
131 216
148 209
159 213
170 211
183 219
191 234
181 237
168 240
156 241
145 240
129 237
122 230
147 222
158 223
169 223
185 231
169 227
158 228
146 226
