110 184
110 208
111 232
117 257
128 281
139 303
153 325
165 347
188 354
218 353
250 340
279 322
304 302
322 275
331 243
333 210
335 176
110 156
121 145
137 145
154 149
168 158
180 162
203 151
231 147
258 150
283 162
176 178
174 193
170 209
167 227
145 235
157 242
172 246
191 243
210 239
122 175
132 170
144 171
156 178
143 180
131 180
216 182
228 175
243 176
259 181
243 185
229 185
144 287
149 273
162 266
172 270
186 267
208 277
231 291
211 308
190 314
175 314
162 312
151 303
151 286
162 282
174 283
187 283
221 290
187 288
174 288
162 286
