236 390
235 482
241 571
261 653
303 728
363 787
427 837
490 874
562 884
627 877
682 836
733 785
781 727
816 659
836 585
844 506
845 425
297 338
356 308
424 306
488 321
546 345
621 348
676 331
735 329
788 342
824 379
580 405
580 463
580 521
582 582
479 591
527 609
577 625
626 613
668 599
364 399
407 392
446 396
482 417
443 420
403 417
658 429
701 411
738 416
771 428
739 441
700 438
420 702
484 686
543 679
581 694
619 684
667 697
701 711
661 758
614 779
572 782
532 776
476 751
443 708
540 719
579 726
619 722
682 715
615 721
573 726
536 718
