74 114
74 125
76 137
80 149
84 159
90 168
97 175
106 181
117 181
130 179
142 174
153 166
162 157
170 144
172 130
171 114
170 99
73 98
76 91
83 89
90 89
97 92
109 89
117 83
128 81
139 83
148 89
104 102
103 109
103 116
103 124
95 132
100 133
106 134
113 131
120 130
80 107
84 103
91 103
96 106
91 109
85 110
121 103
126 97
133 97
139 99
134 103
127 104
93 155
96 148
101 144
107 145
113 143
123 145
133 150
124 156
116 159
110 160
104 160
98 159
97 154
102 151
108 151
114 149
129 150
114 150
108 151
103 151
