56 144
58 176
62 206
67 237
78 265
96 288
120 308
147 322
175 325
203 320
224 305
242 284
256 260
266 233
272 205
274 176
275 146
81 133
95 119
115 115
136 120
155 129
194 132
211 126
228 122
245 124
257 136
171 154
172 171
174 186
175 204
146 218
159 223
174 226
188 221
202 216
102 159
114 153
128 154
141 163
127 166
113 165
201 164
213 156
227 156
239 160
228 166
214 166
128 264
148 256
165 251
177 253
187 250
204 255
220 263
205 275
188 282
176 283
163 283
146 278
135 265
164 261
177 262
187 261
214 262
188 268
177 269
164 268
