83 212
82 249
83 286
86 323
100 358
125 387
158 409
194 424
234 427
272 422
297 405
317 382
331 354
341 322
345 289
347 256
346 222
116 180
132 158
159 149
188 153
212 166
255 166
277 156
301 153
324 158
338 175
236 196
239 217
242 239
244 261
200 277
220 283
239 290
258 284
274 278
143 209
156 198
174 197
188 209
173 214
156 215
271 208
285 197
302 197
312 208
302 213
286 212
165 335
193 327
216 323
235 326
252 323
273 327
293 337
274 355
253 363
234 364
215 362
191 354
174 336
216 334
235 336
253 334
284 338
252 342
234 344
216 343
