68 155
68 179
71 203
75 228
82 249
95 268
114 281
133 289
157 291
180 289
200 279
217 267
229 250
236 230
240 207
243 184
244 162
85 121
96 109
112 105
128 108
141 115
176 116
191 112
206 112
221 119
229 133
161 133
161 149
162 163
162 179
136 191
148 194
160 198
171 195
182 193
102 140
112 132
122 133
133 141
122 141
111 142
186 144
197 137
207 138
216 147
207 149
197 147
116 234
131 225
146 219
157 222
168 220
184 226
194 238
183 246
169 250
157 251
145 249
130 245
120 234
146 228
157 230
168 229
189 236
169 238
157 238
146 237
