64 112
61 139
59 166
61 195
68 223
83 248
105 268
131 285
162 293
196 294
223 283
246 267
263 246
274 221
282 196
287 168
288 144
103 73
114 59
133 53
153 56
169 68
212 70
231 64
251 67
269 78
276 97
190 103
189 118
187 133
185 149
155 164
167 170
181 177
195 175
208 172
122 106
132 100
145 101
156 110
144 111
131 110
221 118
231 113
244 114
254 123
244 125
232 123
126 215
146 206
165 202
176 207
189 206
205 214
220 229
202 239
184 240
171 238
158 235
142 227
134 216
163 213
175 216
187 218
212 228
186 225
173 224
161 220
