68 112
70 131
73 151
76 170
83 188
92 203
104 215
118 224
137 226
156 223
174 212
191 201
206 187
215 170
218 149
219 129
219 108
78 90
87 82
99 79
111 81
124 84
151 81
164 78
177 78
190 80
198 89
138 99
138 110
138 119
138 130
121 141
129 144
138 146
147 144
156 141
94 103
103 100
111 100
119 104
111 104
102 104
159 103
168 100
176 100
184 103
176 104
168 104
107 176
116 166
128 162
137 164
146 162
157 166
166 176
156 188
145 193
136 195
126 194
115 190
112 176
128 172
137 172
146 172
160 176
145 180
136 181
127 181
