54 138
53 158
53 180
55 204
60 227
71 246
86 262
107 275
134 279
162 277
183 266
201 250
214 231
222 208
226 184
227 161
226 139
67 110
74 95
89 88
106 89
120 96
143 95
160 90
179 90
196 98
206 112
131 116
131 128
130 139
130 152
111 171
120 175
131 178
142 175
152 172
79 125
87 118
97 118
107 125
97 127
87 127
159 125
169 118
179 118
189 125
180 127
169 126
99 220
111 209
123 203
132 206
140 203
154 207
169 216
155 224
142 226
133 227
124 227
112 227
105 219
123 214
132 215
141 213
162 215
141 215
132 217
124 216
