164 304
156 356
153 411
154 467
168 522
195 570
234 612
278 646
332 661
386 658
431 635
470 599
502 559
529 513
548 463
560 413
566 364
211 262
240 239
279 237
316 249
350 266
413 272
452 265
491 266
526 283
542 314
376 303
373 330
369 357
366 387
306 409
332 418
359 428
387 426
414 425
239 297
265 287
290 290
315 306
288 303
262 301
426 323
455 313
480 319
503 335
478 333
452 328
245 480
284 459
327 455
353 465
382 463
419 479
449 510
410 549
371 563
341 562
312 554
275 529
255 483
324 477
351 483
379 485
437 508
374 530
345 529
318 521
