105 207
104 234
107 261
111 288
120 313
134 336
155 354
179 368
208 373
237 371
263 359
286 343
303 322
312 295
317 268
319 243
319 217
126 179
139 165
159 161
179 163
200 169
241 169
261 166
281 167
297 174
308 188
220 192
220 209
220 225
220 242
192 259
204 263
218 266
231 264
243 262
148 196
159 190
173 190
186 199
173 200
159 200
249 201
261 194
275 195
286 203
275 205
261 204
164 299
185 294
204 291
217 295
231 292
246 297
260 304
243 310
227 314
214 314
201 314
183 310
171 301
203 301
216 303
229 302
254 304
228 301
215 303
202 301
