53 125
51 160
52 194
61 229
80 258
106 280
138 298
171 309
205 311
232 305
251 289
267 265
279 240
287 213
294 186
296 157
294 131
96 98
116 87
139 82
161 85
185 91
235 92
252 86
269 85
285 89
294 102
211 118
213 135
215 152
218 170
185 192
199 192
213 193
224 192
235 190
124 120
138 113
154 113
170 124
153 127
137 126
236 125
249 115
265 115
276 123
265 129
250 128
157 240
179 228
200 220
213 222
223 219
237 225
249 237
238 249
226 254
215 254
201 255
180 249
166 238
200 234
213 235
223 234
241 237
225 233
215 234
201 234
