88 155
89 176
93 195
99 215
107 233
119 249
134 263
151 273
172 275
194 270
213 259
230 245
243 228
251 208
253 184
254 159
253 134
92 143
98 130
111 126
125 127
139 131
173 127
187 118
203 114
221 116
234 127
158 144
159 159
160 173
161 188
144 197
154 198
164 199
174 196
183 194
106 152
114 146
125 145
135 152
125 155
114 156
187 147
196 138
207 136
218 141
209 146
198 148
132 230
142 222
153 216
162 218
172 214
186 217
199 224
188 233
176 238
165 239
155 240
144 238
137 230
153 226
163 226
173 224
194 224
174 225
164 227
155 227
