63 107
62 123
63 138
67 153
72 168
80 182
89 194
101 204
117 208
133 206
146 198
158 187
168 174
174 159
178 143
180 127
181 111
70 91
78 83
89 82
99 85
110 89
135 89
146 84
156 82
167 85
173 93
123 103
122 113
121 122
121 132
107 141
113 143
120 144
128 143
134 142
82 104
89 100
98 100
104 106
97 108
88 108
141 107
149 102
157 101
162 105
157 109
149 109
96 167
104 160
114 157
120 160
127 158
137 161
146 168
137 173
127 176
119 177
112 176
103 172
99 166
113 165
120 166
128 166
142 167
127 166
119 167
113 166
