198 260
185 327
172 392
168 462
181 527
217 583
270 629
326 668
391 688
457 690
517 669
575 640
620 598
648 542
666 481
676 417
683 357
274 226
315 209
361 211
404 225
449 239
511 261
554 253
600 253
641 267
663 301
472 292
467 335
463 375
458 419
385 443
412 452
442 465
471 464
499 463
309 271
338 260
370 265
394 291
364 293
331 288
525 316
556 299
587 304
611 326
584 333
552 327
322 527
365 527
403 528
430 540
454 538
485 550
517 564
476 577
443 576
418 572
390 564
357 548
337 530
399 545
426 552
451 554
503 562
449 554
425 551
398 543
