364 542
362 604
365 669
373 733
388 792
415 848
449 893
491 924
549 937
614 935
676 915
733 880
776 831
809 770
826 703
834 632
841 562
388 502
415 477
456 473
496 483
535 499
601 497
644 484
690 480
735 490
768 519
562 543
555 584
547 622
540 663
499 698
523 704
550 712
582 705
615 700
421 542
444 526
475 527
504 551
474 555
444 555
634 554
658 530
692 532
720 550
692 561
659 561
469 792
497 780
528 773
552 780
579 776
618 786
661 798
617 820
577 832
549 834
523 832
496 819
482 794
526 789
550 793
578 792
645 797
577 808
550 810
525 806
