117 130
119 144
123 157
127 171
134 184
144 195
156 205
169 211
184 212
199 207
211 197
223 186
232 172
236 157
236 140
233 125
231 110
121 120
126 113
135 110
145 110
155 112
171 109
181 103
192 100
204 99
214 105
165 120
166 130
167 140
168 150
158 159
165 160
172 160
179 157
185 154
131 127
137 121
145 120
152 124
145 127
138 128
182 119
188 113
196 111
203 114
198 118
190 119
153 179
161 176
169 173
176 174
182 171
192 170
203 169
195 179
186 184
179 186
172 186
164 184
157 179
170 178
176 178
183 176
200 170
184 178
178 180
171 180
