836 1315
854 1493
871 1667
903 1844
978 2005
1106 2129
1284 2221
1462 2283
1649 2291
1837 2249
1995 2164
2143 2051
2245 1905
2281 1725
2282 1538
2274 1359
2257 1180
988 1126
1070 1027
1197 985
1333 988
1472 1010
1632 1007
1766 957
1905 938
2042 965
2138 1057
1568 1128
1581 1233
1594 1332
1607 1441
1439 1592
1524 1597
1608 1603
1691 1585
1766 1571
1127 1213
1202 1155
1294 1141
1379 1196
1297 1221
1207 1233
1747 1174
1832 1112
1920 1109
1998 1159
1928 1185
1835 1186
1320 1888
1437 1838
1543 1812
1619 1825
1694 1805
1805 1814
1924 1833
1811 1880
1711 1903
1636 1910
1558 1910
1452 1905
1364 1881
1546 1858
1621 1862
1697 1850
1883 1836
1703 1848
1629 1860
1554 1856
