69 155
73 190
80 226
88 262
102 297
125 328
155 356
185 379
222 385
262 380
300 364
333 337
361 305
376 266
380 223
378 181
373 137
87 133
101 116
124 112
150 114
176 120
214 117
240 104
270 95
303 94
331 108
197 143
198 173
198 202
198 232
171 249
188 253
207 256
227 249
246 243
111 153
126 143
145 140
164 152
145 157
126 158
245 145
262 128
283 126
302 136
286 143
264 144
158 300
175 296
195 291
213 295
229 289
257 288
288 286
262 305
237 314
219 317
200 316
180 310
167 300
196 301
214 303
231 299
282 288
234 299
217 301
198 300
