291 403
289 449
287 494
290 542
302 591
328 634
366 672
410 706
464 721
521 716
575 692
622 659
660 617
680 567
688 514
690 464
690 413
321 363
343 344
375 341
406 348
437 359
506 363
541 353
577 349
612 355
640 376
472 395
470 427
467 459
465 493
422 515
443 522
467 529
493 523
517 518
357 395
378 383
402 385
422 402
398 403
375 402
531 406
552 392
577 391
599 403
578 409
554 409
376 568
411 565
445 564
468 570
491 566
530 570
572 575
530 609
491 625
466 626
442 621
409 603
388 573
444 576
468 580
491 579
560 579
491 602
468 603
443 598
