66 134
68 153
70 171
74 189
82 205
93 218
107 230
122 237
139 238
156 234
169 224
179 211
188 196
192 179
194 162
195 143
195 125
79 126
88 121
98 121
108 125
118 130
140 128
149 123
160 118
171 117
179 123
130 137
130 148
131 159
131 171
119 180
126 181
133 182
140 180
147 178
89 139
96 136
104 136
112 140
104 141
96 141
148 138
155 133
163 132
170 134
164 137
156 138
108 196
118 197
127 197
134 198
141 196
151 195
162 192
152 202
142 206
135 208
127 207
118 203
111 197
127 200
134 201
142 199
158 194
142 199
134 201
127 200
