87 193
92 214
97 235
104 256
114 275
127 292
144 305
163 314
183 314
204 307
222 294
237 278
246 258
251 235
252 212
251 189
250 166
97 181
105 171
118 168
132 170
146 174
173 168
186 160
200 153
215 152
227 157
162 181
164 194
166 206
167 220
154 236
163 237
171 238
179 235
187 232
113 191
121 185
130 184
140 188
132 191
122 193
186 180
195 173
205 171
214 174
207 178
197 180
146 269
157 264
166 261
173 262
181 259
192 259
207 260
195 269
184 273
176 275
168 276
158 275
150 268
167 266
174 267
182 264
202 261
183 264
174 266
167 266
