80 172
82 196
86 219
90 243
97 266
110 287
126 304
144 317
167 321
190 317
213 305
234 290
251 269
261 245
266 218
267 191
268 164
88 160
97 150
112 150
127 154
142 160
172 159
189 150
206 146
224 146
239 154
158 172
158 187
157 202
156 218
142 233
151 236
159 238
169 236
178 233
104 174
114 170
125 170
136 175
125 177
114 178
186 173
198 166
209 166
220 169
210 174
199 174
130 264
143 264
153 263
160 266
169 263
184 264
202 263
185 275
170 280
161 280
152 280
142 275
135 265
153 268
161 270
170 269
196 264
170 269
160 270
153 269
