81 155
81 180
81 205
83 229
87 253
98 274
114 291
134 305
157 311
180 309
201 297
219 281
232 262
240 239
244 216
248 192
252 168
100 147
113 142
128 143
142 150
155 156
187 159
201 155
215 152
229 152
240 159
171 170
170 185
169 201
167 217
148 227
157 230
166 233
175 232
184 230
114 166
124 163
136 164
146 171
134 173
123 172
192 176
204 170
215 171
224 175
215 180
203 178
128 252
143 253
156 254
165 257
174 255
186 257
199 256
184 265
172 269
162 269
153 268
141 262
132 253
155 259
165 262
174 261
194 257
172 260
163 261
154 259
