70 148
72 165
76 183
80 200
86 216
95 232
106 246
121 255
139 257
160 254
179 244
196 230
208 214
215 194
216 173
216 153
216 132
75 133
79 123
89 120
101 122
113 125
137 122
150 115
164 111
177 112
188 120
125 133
125 144
125 154
124 165
116 181
122 182
129 182
136 180
144 178
86 142
92 137
100 136
110 139
102 141
93 143
148 135
156 129
165 128
175 131
167 134
158 135
110 212
117 207
124 203
131 204
138 202
150 202
164 204
152 214
141 219
133 221
126 222
118 220
114 211
125 208
132 208
139 206
159 205
139 211
132 213
125 213
