159 316
155 381
154 446
165 510
194 568
239 617
294 659
350 694
409 706
463 700
509 663
547 621
580 572
600 517
611 462
617 406
620 354
262 272
299 257
339 258
379 274
413 296
509 300
536 290
564 283
589 286
604 304
456 339
457 375
459 411
461 448
394 475
420 483
448 491
473 488
493 483
300 328
328 317
357 320
380 340
353 342
324 339
502 352
529 337
555 337
574 350
555 358
529 357
328 537
375 540
415 543
439 552
462 547
491 551
519 552
487 578
457 590
431 592
405 588
368 571
341 541
412 556
437 561
461 560
507 554
458 567
434 569
409 564
