129 237
126 279
128 322
138 363
159 399
189 429
220 456
258 475
296 483
329 478
351 458
372 432
389 405
404 375
415 343
421 310
424 279
193 194
222 175
257 172
290 185
319 206
363 217
386 208
409 205
428 213
434 238
338 244
340 268
343 292
345 317
291 326
309 334
329 341
346 340
361 336
232 231
251 226
270 229
283 242
266 244
247 241
365 258
384 253
401 256
410 269
398 272
382 267
243 378
277 373
306 371
322 378
337 377
351 386
361 400
344 416
329 421
313 420
295 416
269 403
253 381
303 388
320 393
335 394
353 400
332 396
317 395
300 391
