45 108
48 125
53 141
60 157
71 170
85 179
101 187
118 191
135 190
149 184
159 174
166 160
171 146
173 130
172 114
169 99
164 85
58 77
67 67
79 63
91 63
103 67
126 65
134 59
144 56
154 57
160 65
117 79
120 89
124 98
127 108
110 120
118 121
127 121
133 119
139 116
73 91
80 86
88 84
96 87
89 90
81 92
134 83
142 78
149 78
155 81
150 83
143 84
97 150
109 142
120 137
129 137
136 135
146 137
154 142
149 151
140 156
132 158
123 158
110 156
101 150
121 146
130 145
137 144
151 143
139 145
131 146
122 147
