108 191
106 213
108 238
115 261
126 285
140 306
155 326
170 344
196 347
225 343
251 329
276 310
301 291
318 266
324 236
322 204
320 172
105 161
112 147
126 144
142 146
157 151
194 143
214 132
234 125
256 128
274 139
176 170
175 188
175 205
174 222
156 237
168 239
181 240
194 235
207 232
121 186
130 178
143 176
154 181
144 187
131 189
213 173
225 164
239 162
250 167
241 174
227 175
147 280
155 269
169 262
180 264
193 259
215 262
236 269
219 288
200 297
185 299
172 299
159 293
153 280
171 278
182 277
195 275
230 270
196 276
183 279
171 279
