55 145
55 166
56 186
58 208
65 228
77 246
93 261
113 272
137 275
162 271
182 260
200 247
212 230
220 209
222 187
223 165
224 143
65 128
72 114
87 107
103 109
117 115
153 115
168 108
185 106
200 112
208 126
136 133
136 149
136 164
136 181
114 187
124 190
136 193
149 189
160 185
83 141
91 137
101 137
111 141
101 143
92 143
163 139
173 135
182 135
191 138
182 140
172 140
96 211
111 209
125 209
137 211
148 208
162 209
177 212
162 225
148 231
136 232
124 231
110 225
102 212
125 215
137 217
148 215
171 213
148 219
136 220
125 219
