761 874
732 1010
708 1148
703 1297
718 1444
762 1583
829 1700
921 1802
1054 1848
1209 1860
1381 1819
1540 1744
1666 1636
1750 1503
1799 1350
1827 1200
1853 1046
857 767
922 727
1016 728
1106 763
1189 807
1332 839
1434 821
1541 823
1641 855
1704 928
1237 895
1210 994
1183 1097
1155 1202
1059 1244
1095 1279
1147 1309
1216 1299
1281 1285
930 874
985 860
1046 870
1094 906
1032 913
974 903
1398 961
1469 946
1530 961
1579 997
1518 1005
1456 989
949 1407
1027 1403
1098 1407
1146 1428
1204 1426
1285 1448
1376 1479
1262 1519
1172 1522
1114 1512
1063 1496
1005 1467
974 1414
1089 1443
1138 1459
1197 1463
1347 1475
1185 1466
1127 1459
1079 1443
