318 479
316 542
315 605
319 668
333 729
360 784
401 831
452 866
514 879
577 871
631 842
676 800
709 749
733 692
747 631
754 570
761 509
368 466
397 441
441 437
483 447
523 464
554 466
595 455
639 452
680 459
710 485
534 498
531 530
528 563
525 599
482 620
502 629
524 636
548 632
570 627
410 492
431 479
458 481
479 503
454 507
428 505
592 508
616 488
643 489
665 505
643 515
616 513
444 703
471 686
501 680
522 686
544 682
576 691
599 714
575 751
544 762
518 763
495 761
467 748
453 704
500 694
521 697
544 695
590 713
545 740
520 742
497 739
