213 306
200 366
189 428
182 490
183 551
196 606
227 648
270 680
333 699
405 709
479 706
545 690
598 659
640 614
668 558
686 500
707 439
259 254
293 231
338 228
383 243
420 270
473 288
522 286
572 297
613 320
639 356
435 307
421 341
408 375
393 410
347 444
366 453
385 462
414 467
440 469
290 302
316 296
341 303
364 320
337 320
310 316
506 350
537 348
563 360
584 376
557 374
531 366
283 531
323 512
356 508
374 519
400 520
430 541
463 576
415 571
380 564
354 558
334 552
309 546
296 529
350 531
369 538
395 542
448 567
389 538
363 534
344 527
