303 414
305 454
310 495
317 535
328 572
344 609
368 639
399 663
438 669
480 662
520 638
554 608
576 569
591 528
597 483
598 437
599 390
321 407
336 391
362 392
386 402
410 413
440 407
464 392
492 380
523 378
546 395
427 431
426 459
425 487
424 516
400 525
412 533
427 538
445 532
461 527
347 428
360 419
378 420
394 434
377 439
359 439
469 433
484 417
503 414
518 424
506 436
487 437
383 576
399 571
416 570
430 574
446 571
465 572
488 577
466 596
446 603
429 604
413 602
398 596
391 577
415 579
431 582
447 580
478 577
446 584
429 587
414 584
