55 131
56 153
58 175
64 196
75 215
88 233
103 249
120 258
140 261
161 257
180 245
198 228
211 208
219 187
223 164
223 141
221 118
69 102
76 93
89 91
103 93
116 97
136 96
149 89
163 84
179 84
192 91
127 108
128 125
128 143
128 161
112 168
121 171
131 174
141 169
150 165
82 116
89 111
99 111
107 116
98 118
90 118
153 113
160 106
169 105
178 108
170 110
162 112
102 196
113 190
124 188
133 190
143 186
159 185
174 187
162 203
149 212
138 216
128 215
116 209
106 196
125 194
134 193
144 191
170 189
147 204
136 206
127 206
