137 248
140 291
144 334
153 376
169 416
195 452
229 479
269 504
318 511
366 503
405 478
441 449
468 414
483 373
488 327
489 281
490 235
175 197
197 180
226 176
256 181
283 192
324 188
353 173
383 166
415 166
440 181
307 215
308 245
309 275
309 306
282 334
297 338
313 341
329 335
343 328
208 225
223 213
245 213
265 224
245 229
224 231
352 217
367 203
389 202
406 211
390 219
370 220
264 405
285 393
304 385
318 388
331 382
350 386
373 393
352 406
335 412
320 415
305 416
287 415
274 404
305 398
318 398
332 394
363 393
334 397
320 401
306 401
