74 142
76 163
78 183
81 204
89 224
100 242
115 256
133 267
155 270
177 267
197 256
214 241
226 222
233 200
235 178
235 155
236 132
88 126
96 115
110 111
125 112
140 116
152 115
167 110
182 108
198 111
208 121
147 127
147 141
148 156
148 171
137 183
143 185
150 187
158 184
164 182
103 134
110 128
119 128
126 133
118 135
110 136
169 131
177 125
186 125
193 129
186 132
178 132
125 220
135 212
144 208
151 209
159 207
169 211
180 216
170 221
160 225
152 226
144 226
135 224
130 218
144 214
152 215
160 213
174 215
159 216
152 217
144 216
