95 151
98 180
103 209
108 236
118 264
135 287
160 306
185 322
212 326
238 319
260 302
279 283
293 259
302 231
306 203
309 175
310 146
115 127
128 112
148 104
171 103
192 110
221 108
241 100
261 98
281 105
292 120
208 133
209 152
209 172
210 191
189 204
199 207
210 210
220 207
229 202
139 142
151 135
164 135
176 141
164 145
151 146
235 139
247 130
259 130
270 136
260 141
248 141
174 246
187 239
199 234
209 237
218 234
231 238
244 245
231 255
220 259
209 261
199 260
187 257
181 246
199 241
209 242
219 240
237 245
219 249
209 251
199 250
