98 196
100 223
102 249
107 275
116 299
132 318
155 330
180 339
208 340
236 336
260 325
279 309
293 288
300 262
302 235
301 207
300 180
121 169
130 153
147 146
165 146
182 150
205 148
220 142
238 140
255 143
269 154
195 165
197 183
198 199
199 218
181 235
191 237
201 239
211 236
220 232
138 177
147 170
157 170
168 177
157 178
147 179
223 172
232 163
243 162
253 168
244 171
233 172
167 280
181 270
193 264
203 265
211 262
224 266
239 274
226 282
214 286
205 287
195 288
182 287
173 278
194 270
203 270
212 269
234 272
213 277
204 279
194 279
