84 159
84 186
86 214
90 241
99 267
113 289
133 306
157 318
186 322
213 320
234 309
250 293
260 271
266 247
272 221
276 195
278 169
111 124
123 111
141 105
161 107
178 113
206 115
223 111
241 112
257 120
266 134
192 138
193 156
193 174
194 193
169 212
180 216
191 219
202 217
212 214
130 141
141 134
153 136
162 146
152 147
140 146
216 149
228 141
240 141
247 150
240 153
228 152
149 260
166 252
181 247
191 251
202 248
216 254
228 265
216 270
202 271
191 271
180 270
165 267
155 259
181 258
191 260
202 259
222 263
202 261
191 261
181 259
