102 204
105 234
110 265
116 294
123 322
132 348
148 368
171 380
200 382
232 376
264 363
293 346
313 322
326 293
331 262
333 231
333 199
105 170
112 152
130 144
151 144
171 152
204 150
228 140
253 135
277 141
292 159
186 179
184 197
181 216
178 235
167 260
175 262
184 263
196 261
209 258
126 190
135 178
151 177
166 190
152 194
136 195
222 186
235 171
251 171
264 182
252 188
237 189
158 311
166 297
178 290
187 292
198 289
215 294
233 305
216 314
201 318
189 319
180 320
167 318
163 310
179 301
188 301
199 299
227 305
199 305
189 307
179 306
