164 397
161 447
165 498
173 550
184 602
201 652
225 697
255 732
301 745
360 747
424 727
479 692
524 645
554 590
568 527
573 464
574 398
169 345
186 321
219 321
254 329
287 342
326 347
371 335
417 328
463 334
496 363
301 383
295 427
287 472
280 519
254 537
270 550
290 560
316 552
343 545
199 382
218 370
243 372
267 391
241 395
216 393
374 397
398 381
426 383
450 396
427 407
400 405
230 602
255 602
278 604
297 611
320 608
357 612
400 617
354 641
316 646
292 644
272 640
252 630
241 606
277 613
296 619
320 619
387 618
318 627
294 626
274 620
