45 110
42 133
39 155
38 179
41 201
47 221
59 238
75 250
96 258
122 261
147 256
169 248
187 233
198 214
205 192
212 171
219 148
63 86
72 73
89 69
105 74
120 83
148 90
166 87
184 89
200 100
206 117
129 109
125 122
122 136
118 150
98 159
106 164
115 168
125 168
135 168
78 104
86 99
96 101
105 111
94 110
84 107
152 122
163 116
173 119
181 128
171 127
161 125
76 187
90 183
103 183
112 186
123 187
136 193
150 204
132 211
116 210
105 209
96 206
85 199
81 189
101 191
111 193
121 195
145 203
119 202
108 200
99 197
