53 140
55 156
58 172
63 187
73 200
86 210
103 218
119 224
134 224
146 221
156 211
164 199
169 185
171 169
173 155
172 142
169 129
70 123
77 111
90 106
105 106
118 111
130 110
139 105
150 104
159 108
163 117
127 125
129 134
132 143
135 152
118 165
125 166
132 167
138 166
142 163
86 130
92 125
100 125
108 130
101 132
93 133
134 129
141 123
149 124
154 129
149 131
142 131
110 189
121 187
128 184
133 185
137 184
142 186
149 187
143 191
138 192
134 192
130 192
122 192
114 189
128 188
133 188
137 187
146 187
138 187
134 187
129 187
