86 128
80 150
76 173
76 195
79 217
87 237
98 258
112 276
132 286
156 289
176 282
195 272
212 258
224 240
234 221
243 202
251 181
118 131
132 127
147 130
161 137
172 147
191 154
206 152
221 154
235 160
241 171
177 166
172 183
167 201
163 218
141 213
148 221
157 228
169 227
178 225
130 150
140 149
150 153
155 162
147 161
137 158
195 175
206 170
216 173
222 181
215 183
205 181
122 220
138 228
148 235
154 239
163 241
173 243
182 243
167 249
155 250
146 248
140 244
131 235
126 224
146 238
152 242
161 243
178 244
158 242
149 240
143 236
