98 211
102 240
110 268
119 297
131 323
150 346
172 364
196 375
225 375
254 368
277 350
299 328
316 302
326 273
329 241
330 208
329 174
105 193
113 173
131 164
152 160
174 162
215 155
236 146
259 143
282 147
298 163
195 185
196 206
197 226
198 247
174 261
189 263
204 265
220 259
235 254
128 200
140 189
155 186
168 196
155 199
140 202
235 185
248 171
263 169
277 177
265 182
249 184
167 312
178 300
195 294
209 296
224 289
246 289
264 293
251 310
232 322
216 327
201 328
183 323
174 311
196 307
211 307
226 302
258 294
229 303
214 308
199 308
