59 195
58 219
60 246
66 272
78 297
92 320
107 341
127 356
153 356
182 346
211 329
238 310
264 289
283 262
289 231
288 198
286 165
61 175
64 164
75 157
89 154
104 154
135 147
154 138
176 134
200 135
223 143
118 175
116 191
113 208
110 225
100 242
111 244
123 245
139 238
153 232
75 193
82 181
94 178
107 184
97 190
84 193
159 171
170 159
183 157
197 162
187 167
173 170
100 291
104 276
115 270
127 271
141 263
164 262
185 268
170 285
150 297
135 301
122 304
110 301
106 289
118 283
130 281
144 277
177 271
146 279
132 284
119 285
