28 72
29 106
34 140
39 173
49 206
66 234
91 257
121 274
154 278
187 270
217 254
240 231
259 203
269 172
276 140
281 107
283 73
51 47
64 27
87 19
111 24
133 34
176 34
198 22
221 17
245 23
258 43
155 64
155 87
156 111
156 134
125 148
139 151
154 154
170 152
183 148
76 69
90 64
105 64
120 71
105 72
89 72
189 71
204 63
219 62
233 68
220 71
205 71
103 195
122 184
140 180
154 184
167 180
184 184
201 195
184 208
167 216
152 217
137 216
120 209
111 194
139 194
154 195
167 193
193 194
166 198
153 200
138 198
