93 187
96 218
102 248
109 278
120 306
138 328
158 349
180 365
206 369
232 362
254 344
272 323
289 299
299 272
303 243
305 213
307 182
115 172
123 152
143 143
163 145
182 152
227 150
245 142
263 138
281 146
289 162
206 183
207 204
208 224
209 244
184 255
195 258
208 260
220 257
231 255
140 187
152 181
165 181
175 190
164 191
151 191
234 188
245 179
257 177
267 183
258 187
246 188
165 292
180 283
198 280
208 282
219 279
233 282
247 289
234 307
219 318
208 320
196 319
179 311
172 292
197 290
207 290
219 288
241 290
219 305
208 307
197 306
