72 135
73 155
77 175
83 195
91 214
102 231
116 243
131 252
147 255
164 252
180 243
194 230
205 214
212 195
216 175
219 155
220 135
83 118
93 107
107 104
122 107
134 115
155 114
168 109
183 107
197 111
205 122
144 132
144 147
143 162
142 177
127 184
135 187
143 188
151 187
159 186
98 132
105 128
115 128
123 136
114 137
105 137
166 136
174 129
183 129
191 134
184 138
175 138
122 213
129 208
137 205
143 207
150 205
159 208
169 213
160 220
152 223
144 224
138 224
130 220
126 213
137 212
143 213
150 212
165 212
151 212
144 214
138 213
