87 190
85 225
88 261
96 297
110 328
129 356
148 380
172 396
199 399
227 392
252 373
273 350
290 323
303 294
311 262
316 229
317 194
105 170
116 151
135 142
155 145
173 155
221 154
239 142
260 138
279 147
289 165
198 191
197 215
197 238
197 262
172 273
184 276
197 278
210 275
222 271
129 193
141 185
156 186
168 196
155 199
140 199
227 195
240 185
254 183
266 190
256 196
242 197
152 314
167 303
183 298
195 301
208 298
224 301
239 312
225 329
209 339
196 341
182 340
166 331
159 314
183 312
196 313
208 311
233 312
208 321
195 324
183 323
