504 1095
517 1293
553 1501
610 1686
697 1869
811 2027
950 2163
1102 2263
1250 2280
1384 2227
1488 2103
1588 1955
1675 1792
1738 1620
1770 1431
1782 1234
1778 1044
606 1039
681 937
811 906
945 942
1065 1011
1294 985
1412 925
1526 880
1643 903
1699 998
1183 1153
1192 1289
1200 1425
1210 1561
1074 1629
1139 1640
1210 1650
1277 1632
1340 1615
766 1148
845 1119
929 1123
999 1175
923 1192
836 1187
1354 1162
1424 1103
1505 1094
1566 1122
1518 1166
1433 1173
984 1859
1077 1837
1170 1825
1224 1840
1277 1815
1358 1821
1432 1835
1365 1951
1289 2015
1224 2031
1161 2031
1066 1988
1021 1864
1167 1864
1225 1868
1280 1852
1396 1839
1283 1933
1224 1952
1165 1947
