125 213
126 241
131 270
136 299
142 327
156 354
173 378
194 397
222 402
251 399
277 385
300 366
320 342
332 315
340 283
345 250
347 218
137 191
151 177
171 173
190 176
209 185
241 184
262 175
284 172
306 178
321 194
223 211
222 232
221 254
220 275
197 290
208 293
220 295
232 293
245 292
156 211
169 204
184 204
194 216
181 218
167 217
257 218
269 206
285 206
298 214
286 220
271 220
175 331
189 321
205 316
219 320
233 317
251 324
266 334
251 351
234 359
219 360
203 358
187 349
182 332
205 332
219 334
233 332
259 335
233 339
219 340
204 338
