199 344
197 380
200 416
205 451
213 485
225 520
245 549
266 576
301 586
346 583
392 565
437 540
476 508
501 466
509 418
510 370
511 323
188 309
197 288
219 281
244 282
266 292
305 291
337 274
374 270
410 276
438 296
284 320
279 349
273 379
267 410
253 430
267 436
282 441
300 433
317 426
212 327
224 317
244 317
261 329
243 333
224 334
345 326
363 311
384 310
405 318
387 326
366 328
249 486
258 478
269 475
283 478
302 473
325 474
357 478
329 490
307 496
288 499
272 498
261 496
256 485
270 484
285 485
304 481
349 479
304 481
285 485
270 483
