198 426
203 483
220 539
241 597
258 658
285 714
318 762
359 795
419 797
483 788
543 757
596 714
630 660
654 597
661 523
662 447
658 374
205 406
225 379
264 374
302 376
340 389
400 379
438 356
483 343
529 344
571 362
365 410
365 455
363 503
363 550
330 568
351 579
376 584
404 574
431 561
247 422
266 410
291 409
313 418
291 432
267 432
448 406
467 390
494 387
518 393
498 407
473 411
330 673
348 653
365 640
386 643
412 634
443 642
479 657
452 663
424 666
397 671
375 673
355 675
339 668
367 657
389 657
415 651
466 656
420 644
395 649
372 648
