107 182
110 209
113 236
119 263
129 289
147 310
171 327
196 338
226 339
256 334
282 321
306 301
320 277
327 249
329 220
329 190
329 160
126 150
133 132
151 121
171 119
191 124
224 121
242 112
263 108
283 114
294 130
207 145
207 163
207 181
207 200
190 220
201 223
213 225
224 220
235 216
145 166
155 157
168 156
181 160
169 167
156 169
241 154
252 147
267 147
278 152
268 157
253 158
180 269
193 259
205 253
217 254
228 250
243 253
262 260
247 271
233 276
220 278
209 278
196 278
185 267
206 259
218 259
229 256
256 260
231 266
219 268
207 268
