61 152
65 173
68 194
73 215
82 234
96 249
115 262
135 271
159 272
184 268
207 257
228 241
241 222
246 198
247 174
245 149
243 125
74 126
78 111
91 102
107 100
123 103
150 99
164 92
181 88
197 92
209 103
138 120
138 135
138 151
139 167
128 182
137 184
145 185
154 181
162 177
91 138
98 130
109 128
120 132
110 137
99 139
165 126
174 118
185 117
194 122
186 126
175 127
121 216
131 207
141 202
150 203
159 199
172 200
185 206
175 214
163 219
153 221
144 222
134 222
127 215
141 210
151 210
160 208
179 206
162 209
152 211
142 211
