65 149
66 177
66 204
67 232
73 259
85 283
103 303
127 319
155 326
184 326
214 314
238 299
257 277
270 251
277 223
282 194
285 165
88 131
99 115
118 110
139 115
157 125
187 128
207 119
228 118
248 126
259 144
170 150
168 168
165 187
163 206
143 215
153 220
164 225
175 223
186 219
110 150
122 146
134 146
145 153
133 156
120 154
201 158
214 154
227 154
237 161
226 164
213 162
125 254
138 243
151 239
162 242
172 241
185 248
200 261
184 268
170 270
159 270
147 268
136 263
132 253
150 249
161 251
172 251
193 260
171 256
160 255
149 253
