237 633
241 728
247 820
255 911
277 1000
325 1072
399 1123
491 1159
593 1172
698 1160
802 1130
895 1088
961 1020
998 927
1010 827
1016 724
1024 621
298 521
328 456
392 425
460 432
521 462
663 457
730 421
804 407
878 436
916 505
591 542
589 603
586 663
584 723
520 783
552 793
587 799
622 791
657 782
366 580
402 543
451 544
497 580
451 587
401 590
695 580
739 537
790 535
832 570
794 583
743 585
457 938
500 879
549 849
584 857
627 849
683 878
736 937
687 965
633 974
590 976
551 973
502 958
478 930
548 891
585 892
627 891
715 933
631 931
589 933
551 930
