101 155
106 177
112 196
120 215
130 232
144 248
160 260
178 269
198 270
214 264
224 251
233 235
240 217
244 198
246 178
246 158
245 139
120 157
130 149
144 146
158 147
171 151
192 146
202 140
213 136
224 135
233 140
185 158
188 173
192 187
195 201
180 207
187 209
195 211
201 208
205 203
142 163
149 157
160 156
168 161
160 166
150 167
197 156
204 148
214 147
220 150
216 157
206 158
169 228
180 227
189 225
195 226
200 223
206 222
213 221
207 229
203 233
197 235
191 236
181 235
174 229
190 228
195 228
201 226
209 223
201 227
196 229
190 229
