119 170
117 193
117 217
118 241
122 264
130 286
139 308
150 330
169 341
194 344
219 334
244 319
265 300
281 277
293 251
300 225
305 197
126 164
135 157
149 161
163 169
174 180
200 184
217 181
235 182
252 188
267 197
183 193
179 213
173 232
169 252
157 251
162 260
170 265
181 263
191 260
142 178
151 176
162 180
171 189
159 189
148 186
209 200
219 195
230 198
241 204
230 207
218 205
149 266
158 273
166 277
173 281
183 281
197 283
214 283
195 295
179 297
169 296
160 291
155 282
153 271
164 280
172 284
182 285
209 284
181 287
171 285
163 281
