104 152
105 169
108 187
112 204
117 221
124 237
134 251
146 262
163 265
183 263
204 254
224 242
240 226
250 208
255 186
256 164
256 142
105 145
110 135
121 131
133 130
145 133
158 129
174 124
191 123
207 126
222 134
151 142
149 155
148 167
146 180
139 190
144 193
150 194
158 192
166 189
120 149
126 144
135 142
143 149
135 151
126 152
175 145
182 138
192 138
201 142
193 146
183 147
137 215
142 210
148 207
154 208
160 206
170 208
184 212
172 217
162 219
155 221
149 221
143 220
142 215
148 212
154 212
160 210
179 212
161 212
155 213
149 213
