74 153
76 168
80 183
85 198
91 212
100 224
112 234
125 243
140 245
154 242
166 233
176 222
185 208
189 193
191 177
193 162
193 147
86 148
93 139
104 133
116 132
127 136
139 135
151 131
163 130
175 135
183 144
135 146
136 157
137 168
138 179
126 184
132 186
138 188
144 185
149 183
102 151
108 147
116 146
123 151
116 153
108 154
148 149
155 144
162 144
168 147
163 151
155 151
115 201
124 199
132 199
138 200
144 198
153 198
161 199
154 209
145 213
139 214
133 213
124 210
119 201
133 201
139 202
145 201
158 200
145 207
139 208
133 207
