116 156
119 173
124 189
130 204
139 218
150 230
164 239
178 245
193 245
207 241
216 231
223 218
229 204
232 189
234 174
235 159
234 143
131 152
141 146
152 143
164 143
175 146
188 144
198 139
208 137
219 137
226 142
184 154
186 166
189 178
191 190
178 195
184 197
191 198
196 195
200 192
147 158
153 153
162 152
169 158
162 160
153 161
195 154
201 147
210 146
216 149
211 154
203 155
169 212
178 211
185 209
191 210
195 208
202 207
208 206
203 213
198 216
193 218
187 218
180 216
173 212
186 213
191 213
196 211
205 208
197 210
192 212
186 212
