76 201
83 234
94 266
106 297
117 327
136 354
161 376
188 394
220 396
253 389
285 371
312 345
332 312
342 276
346 238
346 200
343 161
88 192
102 177
122 170
144 170
166 175
198 168
222 158
247 152
273 151
298 158
187 190
188 216
190 243
191 270
175 283
186 288
199 290
211 284
221 278
116 199
128 190
145 188
161 197
146 203
128 206
223 188
236 175
254 173
270 178
258 189
240 191
169 328
182 323
192 318
203 320
216 315
232 316
252 316
235 328
221 332
208 334
196 335
184 333
176 328
193 325
205 326
217 323
245 318
218 320
205 324
194 323
