78 115
79 127
80 139
83 151
87 161
94 172
103 180
114 187
126 189
138 186
149 179
158 171
165 160
169 150
171 138
172 126
173 113
86 113
92 105
100 102
110 103
118 106
127 106
135 102
145 101
154 104
160 111
123 112
123 120
123 129
123 138
113 141
118 143
123 145
128 143
133 141
97 115
102 112
107 112
113 115
108 116
103 116
134 114
140 111
145 112
149 115
145 115
139 115
105 153
111 152
118 151
123 152
129 151
136 151
144 152
137 160
129 164
123 165
118 164
111 161
107 153
118 153
123 154
129 153
142 152
129 159
123 160
118 159
