119 253
118 298
120 342
127 386
143 427
172 459
212 481
255 497
302 501
347 497
384 476
414 451
436 420
445 382
449 343
453 304
453 264
168 231
189 208
223 202
256 210
286 223
332 226
359 215
388 209
416 216
431 240
309 256
309 285
310 314
312 344
268 352
287 359
309 367
329 361
346 354
206 260
223 253
242 255
258 266
240 269
222 267
348 268
365 258
383 257
398 266
384 272
366 272
235 402
263 391
288 389
309 394
329 390
348 393
367 402
347 413
328 418
307 419
285 417
261 411
243 400
287 401
308 404
329 401
359 401
328 401
307 404
286 401
