50 108
52 123
55 138
59 152
66 164
76 174
90 179
106 183
122 181
137 178
150 171
162 162
170 151
173 137
174 123
173 108
172 93
64 93
69 83
80 78
91 78
103 81
118 79
128 73
139 70
151 73
157 83
112 93
113 103
114 114
115 125
102 131
109 133
117 134
124 131
130 128
78 102
84 98
91 97
98 100
92 102
85 103
127 96
133 92
140 90
146 93
141 96
134 97
93 150
101 145
110 142
118 143
124 141
133 141
141 143
134 146
127 150
120 151
112 151
103 151
96 149
110 146
118 146
125 144
138 144
126 144
119 146
111 146
