96 180
96 211
99 240
107 267
124 291
150 307
183 316
216 323
248 323
277 319
296 306
312 290
320 269
324 244
324 220
322 197
317 175
145 144
163 128
186 122
209 127
229 135
259 137
274 131
291 128
306 133
313 147
247 159
251 175
255 191
259 208
223 220
238 223
253 227
264 224
274 220
172 166
184 160
195 161
207 167
195 168
184 168
266 169
277 162
288 162
296 169
289 171
277 171
201 259
222 249
239 245
250 248
261 246
273 250
280 259
272 262
262 262
251 262
239 262
222 260
207 257
238 254
250 255
261 254
275 257
262 251
250 251
239 251
