8 129
7 152
10 175
16 197
28 217
44 234
61 248
80 263
105 267
130 265
155 256
178 242
197 224
208 203
214 179
217 153
216 128
30 105
46 100
60 103
74 107
88 112
117 110
134 104
150 102
167 105
182 111
103 132
102 147
100 164
99 179
78 186
89 190
102 194
115 190
127 186
47 128
57 125
69 126
79 133
68 135
55 134
133 135
144 129
156 129
167 134
156 138
144 138
72 218
85 210
96 207
105 208
116 206
129 209
144 216
131 224
117 227
106 228
96 228
85 225
79 218
95 215
105 215
116 214
138 216
116 214
106 215
96 214
