69 149
71 171
73 195
79 217
90 237
108 252
131 261
156 265
179 263
200 257
217 247
230 233
236 214
237 195
236 175
235 156
233 137
101 128
111 117
126 112
142 113
156 118
181 115
192 108
205 105
217 109
223 121
169 134
171 148
174 162
176 177
153 186
164 189
176 191
185 187
194 182
120 144
128 140
137 139
147 142
138 144
129 145
186 138
196 133
205 133
212 136
205 138
196 138
137 213
150 206
164 202
176 204
187 200
198 201
206 205
199 212
191 216
179 219
166 219
152 217
142 212
164 209
176 209
188 207
202 205
189 206
178 209
165 209
