47 159
36 219
32 282
31 345
38 414
61 481
97 536
143 576
211 587
294 588
383 567
465 536
528 484
565 420
582 349
588 280
598 206
71 113
88 70
134 61
179 73
221 94
280 98
337 83
396 80
454 100
493 141
244 144
234 193
223 241
213 292
173 307
197 322
224 337
261 327
296 318
111 151
137 135
167 138
191 158
163 161
134 160
336 168
365 150
399 153
427 173
398 179
366 176
129 402
159 380
196 374
228 385
269 380
312 392
355 416
305 436
259 450
217 453
182 446
153 429
145 402
193 400
226 407
266 406
337 412
261 414
221 417
188 409
