109 184
113 215
119 245
128 272
142 298
165 317
193 330
224 337
255 335
281 326
302 309
318 290
327 264
329 237
328 211
327 184
324 158
143 170
158 155
179 151
200 155
219 162
249 156
264 144
282 135
300 135
312 147
237 176
240 197
244 218
247 238
219 246
233 250
247 253
259 246
269 239
169 191
182 188
194 186
205 188
195 193
183 194
262 179
273 173
284 170
295 171
286 177
275 179
203 279
219 271
234 266
247 267
260 263
273 262
287 264
277 274
266 281
253 284
239 285
222 284
210 278
235 273
248 273
261 269
282 265
263 269
250 273
236 273
