56 166
58 190
64 213
74 235
87 255
101 275
116 293
132 309
153 314
176 311
195 297
210 277
225 256
237 233
244 207
248 178
248 149
58 139
69 129
85 129
101 133
117 139
150 136
168 127
188 123
209 122
228 130
135 159
134 183
134 207
134 231
117 233
127 238
139 243
152 237
164 231
72 158
83 151
99 151
112 162
98 164
83 164
168 160
180 148
195 146
210 152
198 160
183 161
106 250
119 255
132 255
143 258
154 254
173 253
194 248
177 269
159 278
147 280
135 278
121 268
112 254
132 262
144 264
155 261
188 251
157 264
145 266
134 263
