84 189
85 207
88 225
97 243
108 260
120 276
133 292
147 307
166 310
188 303
207 289
228 273
246 254
255 230
258 205
258 179
255 152
78 158
82 145
94 139
107 138
121 140
144 135
160 124
179 120
199 122
217 131
134 160
133 177
131 193
130 210
123 223
131 225
141 226
152 220
164 215
91 175
97 165
108 163
121 170
109 173
98 176
167 160
176 149
188 147
201 153
191 157
178 160
122 253
126 244
136 238
147 238
158 234
179 234
200 240
184 255
166 265
154 268
143 268
132 263
127 253
138 248
148 247
160 245
194 241
163 253
151 255
140 255
