136 247
129 282
129 316
131 350
134 387
142 424
156 456
177 482
208 493
248 498
291 489
330 472
361 446
383 412
397 376
409 337
417 296
136 212
156 200
181 203
205 213
227 227
265 235
296 230
326 232
355 243
375 263
239 259
232 287
224 316
216 346
195 352
205 360
217 367
233 366
249 365
158 246
172 239
191 243
208 260
187 261
168 258
283 276
301 265
321 269
338 281
320 288
300 284
171 392
186 389
202 389
214 397
228 396
250 406
275 417
246 427
221 427
206 424
193 419
180 409
178 395
199 401
211 407
226 409
265 416
224 409
210 406
198 401
