103 215
102 248
108 282
117 313
132 343
155 370
181 390
211 405
242 406
270 398
290 375
308 350
322 321
331 290
337 260
340 229
335 197
125 181
142 166
165 164
189 167
211 176
249 172
269 162
291 158
313 160
328 173
231 199
233 226
235 253
238 280
209 292
223 296
237 300
251 295
263 288
147 208
162 200
179 198
194 208
179 211
162 212
264 203
280 194
296 193
308 199
297 206
281 206
184 331
204 327
224 323
237 327
249 322
266 324
282 324
268 342
252 352
239 355
224 355
205 349
191 333
224 335
237 336
250 333
275 327
250 333
237 337
224 336
