101 244
102 271
106 297
118 322
134 348
152 374
169 399
189 421
217 426
247 420
272 400
292 375
311 346
325 315
330 279
332 244
330 208
98 207
106 192
122 187
140 187
158 192
194 184
215 171
240 166
266 168
290 179
179 216
179 242
178 268
178 294
163 307
175 311
189 315
205 307
220 299
115 233
126 223
141 220
157 228
143 231
128 235
221 218
237 206
253 204
269 209
255 215
239 217
156 336
167 331
182 328
198 328
214 323
242 321
271 321
249 351
225 366
207 371
191 370
174 359
163 338
184 338
200 338
216 334
264 324
221 349
204 354
188 352
