50 133
52 153
57 172
63 192
72 210
85 227
101 240
118 250
139 251
159 245
174 231
187 215
197 197
203 178
205 158
205 137
204 116
59 113
66 104
79 101
92 102
104 106
132 102
145 94
159 91
173 92
186 98
121 120
122 137
123 154
124 172
106 174
115 178
126 182
137 176
146 170
71 129
79 122
89 122
100 127
90 129
80 130
145 122
154 115
164 113
175 117
166 120
155 121
85 190
101 188
117 188
128 189
140 186
157 183
175 181
161 205
145 215
132 218
119 218
102 210
90 191
117 193
129 194
141 191
171 184
143 206
131 209
119 208
