95 243
95 269
100 295
109 323
119 350
131 379
146 404
164 426
192 431
227 426
263 406
299 382
329 353
349 318
355 279
357 239
357 199
80 194
87 179
102 173
121 174
139 181
171 176
198 163
228 155
259 157
286 170
158 211
154 236
149 261
145 286
142 303
150 308
161 311
173 304
186 301
103 227
112 216
128 214
145 223
129 230
113 232
205 214
220 203
238 201
257 206
241 216
222 218
140 347
144 338
155 334
166 337
179 333
207 334
236 336
212 354
188 364
174 367
161 365
149 358
147 348
157 348
169 349
182 347
227 338
183 348
170 350
158 349
