92 227
95 255
99 283
102 310
108 337
125 358
151 374
178 386
210 391
241 388
269 376
296 362
315 340
323 313
327 284
329 255
332 226
117 203
131 188
152 182
173 184
193 192
225 191
245 183
267 182
288 190
301 206
209 215
209 233
209 249
209 267
188 285
198 287
208 289
218 287
228 285
143 222
154 214
168 215
181 224
168 226
153 226
237 223
248 214
262 215
275 222
263 226
248 226
173 327
186 316
199 309
208 312
217 310
229 316
242 327
229 334
217 339
208 339
198 338
186 334
179 326
199 322
208 322
217 322
236 325
217 323
208 324
198 323
