184 454
184 512
185 570
186 630
197 688
230 737
280 774
336 808
400 825
467 822
530 798
588 767
632 725
659 672
674 611
684 547
693 482
230 395
258 363
300 351
344 354
384 371
457 370
502 357
551 360
595 380
627 414
419 433
416 467
414 501
411 536
362 572
385 581
411 588
440 583
468 577
282 440
309 429
336 431
364 448
334 446
306 444
482 451
511 439
538 441
565 454
537 454
510 453
318 653
348 627
384 617
411 623
440 619
478 633
512 665
477 706
438 723
407 726
377 721
343 700
328 654
382 637
410 640
439 640
501 663
439 693
409 695
380 690
