169 366
177 420
184 472
197 522
225 566
269 595
322 615
374 632
425 637
473 628
514 606
550 576
575 536
586 485
586 432
584 377
578 325
225 298
248 269
281 256
318 255
353 262
427 257
458 243
492 242
524 252
545 277
399 303
406 332
414 359
422 388
373 425
397 426
420 429
440 423
459 417
275 326
295 313
316 311
338 322
317 324
296 326
450 314
469 300
489 299
510 309
491 312
471 313
338 498
367 473
399 462
421 465
440 461
468 469
492 492
473 524
446 535
425 537
402 536
370 526
349 496
400 476
421 477
441 475
483 491
444 515
423 517
401 515
