40 97
40 113
40 128
42 144
48 157
58 167
71 175
86 181
100 185
114 185
126 181
137 173
145 163
150 150
153 137
155 124
157 110
64 82
73 75
85 72
96 74
106 78
125 81
134 78
143 79
152 83
156 91
115 92
115 101
115 110
115 119
100 127
106 129
112 131
117 130
122 130
77 92
83 89
90 90
95 95
89 95
83 94
127 99
133 95
139 96
144 101
139 101
132 100
87 148
97 143
104 142
109 144
114 143
120 147
124 155
118 158
112 159
107 158
101 156
95 153
91 148
103 148
109 149
113 150
120 154
113 151
108 151
103 149
