225 441
247 524
273 606
304 681
357 746
430 793
520 817
617 829
705 820
774 792
828 746
869 688
891 619
900 544
897 470
889 399
877 327
308 335
350 284
413 255
483 248
547 261
639 249
685 223
742 215
795 221
837 255
607 332
619 380
634 427
648 477
577 537
612 539
649 540
680 527
707 513
392 384
429 357
472 351
512 377
476 390
431 395
680 353
711 318
752 311
787 331
759 349
718 355
533 665
585 633
631 606
660 608
684 596
725 605
769 624
735 654
702 670
674 677
645 682
596 684
553 660
635 640
664 637
688 630
749 624
693 633
668 640
639 644
