92 197
95 222
100 246
106 268
117 289
135 305
154 318
175 329
198 332
221 327
241 314
259 298
272 279
279 256
280 231
279 206
278 180
109 185
118 172
135 166
152 168
169 172
200 170
216 162
232 157
250 158
262 169
185 191
187 206
188 222
190 238
170 248
181 250
192 252
203 248
213 244
129 199
139 194
150 192
161 198
150 200
139 201
212 194
221 185
233 183
243 187
234 191
223 193
159 279
172 271
185 265
196 266
205 263
219 265
231 272
221 283
209 291
198 293
187 293
173 289
165 279
185 276
196 276
206 273
226 272
207 276
197 278
186 278
