233 403
237 448
243 490
253 530
275 567
309 596
350 618
391 636
433 637
471 624
502 598
530 568
551 535
561 496
563 456
562 417
559 378
266 378
286 353
316 345
348 348
378 359
429 355
456 340
487 333
518 336
538 355
408 390
411 419
415 446
418 475
376 482
397 489
419 496
440 485
458 475
305 403
322 396
341 394
360 401
342 405
323 406
454 392
471 382
489 381
507 384
492 390
473 392
342 521
371 514
400 510
420 513
439 506
465 504
493 506
471 541
446 558
426 564
404 564
373 551
352 522
401 522
421 522
441 516
483 510
443 538
423 543
402 543
