195 237
188 282
187 329
189 375
202 417
228 454
261 485
297 512
339 526
380 526
416 505
450 482
478 454
500 420
514 386
522 350
527 313
239 198
269 182
303 182
336 196
362 217
432 229
458 222
487 223
511 235
522 260
391 265
387 295
384 324
381 354
327 360
348 372
372 383
395 379
415 373
274 246
296 242
318 247
335 264
313 261
291 256
429 282
452 274
472 280
487 293
470 293
449 288
279 408
317 402
349 401
366 408
383 407
407 418
423 435
400 451
375 459
355 457
336 451
307 437
291 412
345 423
363 428
381 429
412 434
378 429
360 428
341 423
