184 386
179 429
177 474
183 519
201 562
232 597
270 622
310 647
360 658
413 656
459 637
503 614
538 583
562 545
575 503
581 460
584 418
222 339
248 311
285 298
325 302
361 319
416 327
454 315
496 319
533 338
553 371
385 362
382 391
380 419
378 449
321 463
347 472
375 483
405 476
433 470
257 368
280 357
303 357
326 374
301 374
278 372
443 384
467 372
492 375
512 392
490 392
465 389
274 524
312 507
348 501
374 506
400 503
437 515
472 541
433 561
395 568
369 567
341 563
308 549
286 525
347 517
373 522
399 521
459 539
397 545
372 545
345 540
