74 159
73 177
75 195
77 213
84 230
95 244
110 254
126 264
143 269
161 267
178 261
193 251
205 238
214 222
217 205
220 187
223 169
87 141
96 129
111 126
126 130
138 137
157 139
171 133
186 133
201 138
211 149
147 151
147 164
146 176
146 190
125 193
135 197
146 202
157 198
168 196
100 154
108 149
117 149
127 156
117 155
108 155
169 158
178 152
187 153
195 159
187 159
178 158
108 214
123 209
136 208
145 210
156 209
170 212
185 218
169 229
155 234
144 235
134 233
122 226
113 214
135 213
145 215
156 214
181 218
155 225
145 225
135 223
