64 155
65 183
66 210
71 237
80 265
97 288
118 309
142 326
171 330
201 325
229 309
255 289
279 266
295 239
302 209
303 178
304 146
69 137
78 117
99 109
122 110
144 119
171 118
195 108
222 105
248 112
267 129
157 141
157 163
156 183
155 204
128 211
143 217
160 223
178 216
196 208
92 150
104 143
118 142
134 149
119 150
105 151
195 144
210 136
224 137
238 143
224 144
210 144
104 239
124 234
147 233
164 235
183 231
210 230
237 234
212 257
186 269
166 272
147 270
125 261
111 240
147 239
165 241
184 238
231 236
185 258
165 261
147 259
