50 107
52 123
55 139
59 154
66 169
78 181
94 190
111 196
128 196
143 192
156 182
166 171
173 157
176 141
176 126
175 110
174 94
63 94
71 84
84 79
97 80
111 83
126 81
138 76
149 73
161 76
168 86
121 94
123 104
125 114
126 125
112 132
119 134
126 135
132 133
137 130
81 99
89 95
96 94
103 98
96 99
89 100
136 95
143 91
150 90
155 93
151 95
144 96
100 154
110 152
119 149
126 150
132 148
139 149
147 150
141 158
134 162
127 164
120 164
110 162
103 155
120 155
126 155
133 153
144 151
133 153
127 155
120 155
