37 174
29 204
26 234
26 265
28 297
35 328
49 356
69 380
99 392
134 392
172 380
206 364
236 344
258 318
271 287
279 255
286 221
46 146
58 132
78 129
99 136
117 149
153 154
179 148
206 150
230 163
243 183
131 175
125 196
119 216
112 237
90 247
100 255
113 262
129 259
143 256
63 169
74 162
90 164
103 175
88 175
72 174
169 185
184 177
199 181
212 192
197 192
183 189
72 301
84 292
100 290
109 295
122 293
141 302
159 315
137 325
117 328
103 327
92 324
79 316
79 302
98 303
108 305
121 306
149 314
119 310
106 309
95 306
