79 360
79 407
84 454
96 500
112 545
139 586
172 623
214 649
267 655
325 650
377 625
421 587
454 541
474 491
481 437
482 380
478 321
88 345
107 322
140 316
175 323
210 338
258 331
294 310
335 300
378 301
414 319
238 366
238 402
238 438
237 475
200 482
222 493
248 501
276 490
302 476
128 368
148 360
171 359
196 370
170 372
148 372
300 362
321 346
346 343
371 349
349 356
325 360
173 528
202 532
231 533
257 538
280 530
317 525
360 515
324 561
288 580
261 585
233 583
203 568
183 533
232 542
258 545
282 540
349 521
285 559
259 564
232 561
