64 133
64 158
66 182
70 206
79 228
95 247
114 263
135 277
159 281
180 275
196 259
210 242
221 223
227 204
230 183
233 162
234 140
87 127
98 116
114 112
132 114
148 121
176 121
191 115
206 114
221 118
227 132
162 136
162 151
163 166
163 183
142 186
151 191
162 195
172 191
180 187
108 138
118 135
127 135
137 139
127 140
117 140
182 140
191 136
200 137
208 141
200 141
191 141
119 211
135 210
150 210
161 212
171 210
183 211
194 211
183 230
171 239
160 241
148 239
133 230
123 213
150 215
160 217
171 215
189 213
170 227
160 229
149 227
