55 80
53 99
53 117
54 135
59 151
68 165
80 178
95 189
111 192
126 191
139 180
151 169
160 156
166 141
170 126
173 112
175 96
72 75
81 68
94 67
106 71
117 78
136 82
147 79
157 77
167 80
172 89
126 92
125 104
124 116
123 128
107 130
114 133
121 137
128 135
133 133
85 86
92 82
101 84
107 91
99 92
90 90
138 96
145 90
154 90
159 95
154 98
145 98
92 147
103 148
112 148
118 150
124 149
130 151
136 152
129 159
122 161
116 161
110 160
101 155
96 149
111 152
117 153
123 153
132 153
123 153
117 153
111 152
