165 285
166 325
169 364
174 403
191 437
219 466
252 490
286 506
320 509
350 502
370 480
386 454
399 424
408 392
414 359
417 324
418 291
213 272
234 258
260 253
285 257
309 264
339 264
359 258
379 255
398 258
410 271
326 287
329 310
333 334
337 358
302 377
316 380
329 383
340 381
350 377
240 285
256 279
272 278
285 289
271 291
255 290
349 290
364 280
379 281
391 288
380 294
365 293
267 421
289 413
311 407
325 412
338 408
353 415
365 424
351 434
336 442
321 443
306 441
287 434
275 421
310 423
324 425
338 423
359 423
337 423
323 425
309 422
