75 129
76 145
78 161
81 176
85 191
92 205
101 217
113 225
128 227
145 226
160 217
172 205
182 191
189 176
192 159
194 141
195 122
78 122
83 114
93 113
103 114
114 116
130 115
142 112
153 109
166 110
175 117
121 125
121 139
121 153
120 167
111 169
116 173
122 175
129 172
136 169
88 128
94 124
101 124
108 127
101 130
94 131
141 127
148 122
156 122
163 126
157 129
149 129
101 189
108 186
115 185
123 187
131 185
140 186
150 189
140 193
130 196
122 196
114 196
107 194
104 189
115 188
123 190
131 189
147 188
130 189
122 190
115 189
