67 100
69 111
70 123
72 134
76 145
84 155
92 163
102 169
112 170
122 168
131 162
139 153
145 143
148 132
150 120
150 109
151 97
78 95
84 92
91 92
98 93
105 96
114 96
121 94
128 92
135 92
141 96
109 103
109 111
110 118
110 125
103 130
107 132
110 132
114 132
117 131
86 102
90 100
95 100
99 104
95 104
90 104
119 104
124 101
129 101
133 102
129 104
124 105
95 143
101 141
106 140
111 141
115 140
120 142
125 144
120 148
115 150
110 151
106 150
100 148
97 144
106 144
111 145
115 145
123 144
114 144
110 145
106 144
