70 96
72 110
74 124
77 138
80 151
86 164
96 175
107 183
120 185
136 184
149 176
160 166
168 153
171 138
172 123
175 108
176 92
76 91
80 85
89 83
98 84
107 86
122 86
133 83
143 82
154 83
162 90
115 94
116 105
116 116
116 127
106 132
111 134
117 136
123 133
128 131
85 98
90 95
96 94
102 97
96 99
90 100
132 96
138 93
145 92
151 95
145 98
139 98
98 149
103 147
110 146
117 147
123 146
132 146
142 149
133 154
124 156
118 156
111 156
104 153
100 149
111 149
117 150
123 149
139 148
124 150
118 151
111 150
