57 101
58 127
60 155
63 182
72 209
88 232
109 253
133 269
159 275
184 271
204 256
219 236
230 213
238 188
243 161
245 134
245 109
85 76
97 67
113 66
129 73
143 81
185 84
197 77
211 72
224 74
232 84
164 107
164 127
164 145
165 165
142 174
152 179
163 183
174 179
183 174
103 104
113 98
125 101
134 111
123 114
111 112
186 113
195 105
207 104
214 111
207 117
196 117
123 210
140 209
154 209
163 211
174 208
186 210
198 212
187 224
175 231
164 232
153 231
139 225
129 213
153 216
163 218
174 216
192 212
175 218
164 220
154 218
