114 200
113 235
115 270
119 305
130 338
148 367
171 392
198 409
225 414
254 407
279 389
301 365
319 338
332 307
339 274
343 241
342 210
141 185
153 172
171 168
191 175
207 186
254 189
270 178
289 172
308 172
322 184
231 214
231 238
231 261
231 285
204 295
216 300
230 305
244 299
256 295
165 215
177 215
190 215
201 218
189 222
176 221
263 218
276 215
288 214
299 214
289 222
276 222
184 336
204 338
219 337
230 341
242 337
254 337
271 337
255 351
242 357
230 359
217 358
202 352
191 338
218 344
230 346
242 344
265 339
242 344
230 346
218 344
