108 245
106 288
111 332
122 379
138 422
161 464
189 500
224 528
269 536
320 534
370 511
414 477
445 436
464 384
475 328
478 273
474 216
110 199
122 174
149 167
178 172
207 181
265 182
297 164
336 155
374 161
406 183
236 227
236 264
236 300
237 337
204 351
222 359
243 367
268 357
291 346
144 237
160 229
179 229
198 238
179 242
159 242
300 231
318 218
340 216
363 222
343 228
320 231
184 406
205 407
226 407
245 412
265 406
297 404
339 399
303 427
273 440
251 443
231 441
210 432
192 408
227 418
246 422
267 419
328 402
270 421
249 423
229 420
