103 191
103 224
105 257
110 291
121 323
139 352
163 377
191 395
222 399
253 394
279 375
302 350
320 321
331 289
337 255
338 221
338 188
130 178
144 163
165 159
187 164
205 175
239 174
256 162
276 156
296 158
309 171
222 204
222 228
223 251
223 276
199 285
211 291
224 296
237 291
249 285
153 206
166 199
181 199
195 210
180 215
164 214
250 208
262 198
277 195
288 201
279 210
264 211
180 324
198 325
213 324
223 328
233 325
248 326
267 326
248 338
233 345
223 347
212 345
198 339
187 326
213 331
223 334
233 332
260 327
233 333
223 334
212 332
