184 300
181 358
187 414
199 466
221 518
246 562
276 598
306 630
346 640
391 632
427 606
465 575
496 533
521 486
539 435
547 383
551 329
216 276
241 258
273 256
305 268
330 287
392 289
421 273
455 264
489 265
511 287
361 334
360 375
361 417
360 459
317 467
336 479
358 489
383 480
404 471
250 327
270 323
293 326
314 338
291 342
268 340
410 341
431 329
452 327
473 333
456 345
433 346
283 512
313 520
339 524
359 529
377 525
401 526
432 523
398 556
370 569
350 570
330 567
306 550
293 516
337 530
357 534
375 532
422 527
371 550
353 553
333 548
