78 112
82 131
86 148
91 165
100 181
111 195
125 206
142 214
159 214
173 208
185 198
193 183
197 166
198 150
197 132
195 114
193 97
88 100
94 92
103 89
112 91
122 94
149 92
157 86
166 81
175 81
183 86
138 109
140 122
142 135
145 148
133 154
139 155
147 156
152 153
157 150
104 115
109 112
116 111
121 114
116 117
110 117
154 109
159 105
166 103
172 105
167 108
161 110
127 178
136 177
143 175
150 176
156 172
164 171
173 169
168 178
161 185
154 187
147 187
138 185
131 179
144 179
151 179
157 176
169 170
159 177
152 180
145 179
