81 160
84 183
87 207
94 231
107 251
126 267
149 279
173 289
194 292
212 287
223 273
234 256
243 238
248 218
251 199
251 180
250 161
115 151
130 141
147 135
165 134
182 139
209 139
222 135
235 135
246 139
252 149
199 158
202 172
205 187
208 202
186 213
194 215
203 216
209 214
215 212
135 163
146 158
158 158
168 165
157 168
145 168
211 163
220 155
231 155
239 160
232 165
221 166
162 240
179 238
192 235
201 238
207 235
214 237
221 240
214 247
208 250
200 251
192 250
179 247
167 240
192 241
200 242
207 241
217 241
208 242
201 243
192 242
