114 365
118 410
123 455
132 500
147 543
175 581
213 613
257 636
310 640
363 630
410 605
449 573
476 534
489 489
493 442
494 394
495 348
129 349
147 314
186 296
227 293
266 306
305 304
347 288
393 288
435 302
461 334
290 339
292 372
293 404
294 437
257 463
276 466
297 470
319 465
339 461
166 360
187 342
216 341
241 359
215 368
187 369
345 355
369 334
398 333
420 350
400 361
371 362
227 528
256 519
283 513
302 517
319 512
348 517
382 524
350 538
321 544
303 545
283 545
257 540
237 528
282 526
302 530
320 526
371 524
320 523
302 526
282 524
