64 134
63 156
62 178
66 200
76 220
91 237
110 250
130 261
149 265
166 262
178 251
189 238
199 224
206 210
213 194
215 179
217 164
98 131
113 123
130 120
146 123
161 132
182 135
195 132
208 133
218 139
221 150
171 149
171 163
171 178
171 192
148 197
156 200
164 204
172 203
178 200
114 145
124 141
135 143
143 151
133 152
122 151
183 156
193 150
203 151
209 158
202 161
192 160
122 216
140 217
153 217
159 220
165 219
172 221
180 222
171 231
163 233
157 234
149 232
137 227
126 217
151 223
159 225
165 224
176 224
164 225
158 225
151 224
