80 126
81 147
83 169
86 190
92 210
103 227
117 242
132 253
150 256
169 254
185 243
199 229
210 212
217 193
222 174
226 154
229 134
91 124
101 115
116 114
131 118
146 124
163 124
179 118
195 115
211 116
222 126
155 131
153 144
152 159
150 173
136 181
143 184
151 186
159 184
166 181
107 129
114 124
124 124
133 131
123 134
113 134
176 132
184 125
194 125
203 130
195 134
185 135
125 208
135 206
144 204
151 206
157 204
167 206
178 210
167 214
157 214
150 214
142 213
134 211
129 208
143 208
151 209
157 208
174 210
158 208
151 208
143 207
