52 131
55 152
58 174
64 194
75 212
93 225
115 231
138 233
164 231
186 228
200 220
210 208
217 192
221 175
223 157
221 139
219 122
77 104
88 90
105 85
122 84
138 89
167 86
179 80
193 79
205 81
212 92
154 101
156 110
159 118
162 127
138 146
149 147
160 147
170 145
178 143
95 113
105 106
117 104
128 111
118 114
106 115
173 108
183 101
193 100
201 107
195 110
184 110
123 183
137 168
151 162
161 163
171 161
182 166
192 179
183 180
173 180
163 181
153 182
138 182
129 180
152 172
162 171
171 170
188 176
172 170
162 171
153 171
