56 157
57 180
59 204
65 227
74 248
91 264
113 277
139 286
166 288
191 283
214 272
234 258
249 240
257 218
259 194
258 170
256 146
66 137
75 122
91 115
110 115
128 120
167 116
184 110
202 108
219 111
232 121
150 139
150 150
151 162
152 174
130 190
142 191
155 193
167 189
179 186
87 150
97 141
111 141
125 149
111 151
98 153
179 144
190 134
204 134
216 141
205 145
192 145
115 229
131 217
146 209
157 212
168 208
184 212
202 221
187 233
172 240
160 242
148 242
132 239
120 229
147 224
158 224
169 222
195 221
170 222
159 224
148 224
