40 113
44 131
47 147
53 164
62 179
76 190
94 198
113 204
134 204
152 199
166 188
176 175
184 160
187 143
186 125
184 107
181 88
54 101
60 91
71 85
84 83
98 84
127 80
138 74
151 72
164 75
172 84
114 96
116 104
118 112
121 120
105 134
114 134
123 134
131 131
139 129
70 108
77 102
86 100
95 104
87 107
78 109
135 98
142 92
152 90
160 94
153 98
144 99
95 162
105 153
116 147
125 147
132 144
144 146
155 152
147 161
137 166
129 167
120 168
108 167
100 161
117 157
126 155
133 154
151 152
135 154
127 156
119 157
