41 120
41 136
43 152
47 169
55 184
66 197
80 207
94 216
113 217
133 213
150 203
166 192
179 179
185 161
186 141
185 121
183 101
42 109
47 99
57 94
69 94
81 97
109 92
122 85
137 81
151 83
162 91
96 109
97 118
97 128
97 138
85 147
93 148
102 149
110 146
119 143
57 117
64 112
73 110
81 114
73 118
64 119
121 109
129 102
138 100
147 104
140 108
131 110
78 172
85 166
96 162
104 163
112 160
126 160
139 163
129 175
117 181
107 183
99 183
88 180
83 172
96 170
105 170
114 168
135 164
115 169
106 171
98 171
