72 160
77 188
82 218
92 244
107 268
128 287
151 303
177 315
205 314
228 305
246 285
263 263
276 239
283 214
283 186
280 156
276 128
92 161
104 152
119 149
136 149
152 153
198 144
213 134
228 126
244 122
259 127
179 169
182 182
184 196
187 209
166 223
178 223
191 224
202 219
212 215
115 179
127 174
140 172
152 177
140 182
127 183
207 168
218 158
230 155
242 156
234 165
221 168
151 257
167 248
183 240
194 241
205 236
220 237
234 240
224 259
212 270
200 274
187 276
170 273
159 257
184 253
196 251
207 248
227 242
209 252
197 256
185 257
