67 104
66 120
65 135
68 149
76 161
90 168
105 174
120 179
134 181
146 179
153 173
160 164
165 154
168 142
169 130
168 119
167 109
95 87
104 82
114 80
125 83
135 87
145 88
153 87
160 86
165 88
168 93
140 98
142 105
144 111
145 118
130 127
136 128
141 130
145 129
148 128
107 96
113 93
119 94
122 98
118 98
112 97
147 101
152 98
157 99
161 102
157 103
152 102
115 145
125 143
135 142
139 143
144 142
149 145
152 149
148 152
143 152
138 152
133 151
125 149
118 145
134 146
139 147
143 147
150 148
143 147
139 147
134 146
