398 701
380 822
366 944
370 1061
406 1169
484 1258
587 1319
689 1372
796 1399
896 1402
978 1362
1054 1316
1117 1251
1167 1169
1207 1079
1237 984
1262 884
562 620
630 569
719 561
803 594
879 642
997 664
1068 652
1144 661
1201 700
1213 775
922 739
914 802
908 864
902 931
791 987
830 1001
870 1017
907 1018
942 1013
651 702
699 688
750 699
785 735
738 734
688 725
993 777
1045 762
1089 775
1117 807
1077 810
1033 798
695 1136
763 1112
821 1102
858 1118
896 1113
932 1138
964 1183
919 1181
882 1176
844 1173
804 1166
752 1155
717 1133
815 1131
852 1140
890 1141
946 1171
891 1140
854 1139
815 1130
