553 1083
570 1233
587 1380
611 1526
671 1656
777 1754
918 1825
1072 1874
1233 1876
1381 1840
1501 1755
1596 1650
1658 1527
1673 1387
1663 1243
1649 1106
1637 971
651 990
706 882
816 841
933 851
1051 878
1200 857
1307 814
1414 790
1519 815
1567 906
1142 980
1156 1068
1171 1153
1187 1245
1065 1343
1130 1343
1191 1345
1243 1330
1294 1318
795 1030
852 994
920 989
980 1023
923 1037
854 1044
1271 997
1327 950
1393 942
1448 968
1402 991
1336 997
969 1548
1058 1516
1136 1496
1194 1504
1250 1483
1326 1486
1404 1487
1339 1539
1274 1566
1214 1578
1154 1582
1071 1575
998 1542
1139 1529
1198 1529
1256 1516
1377 1493
1264 1516
1204 1531
1146 1532
