91 192
93 219
98 245
105 270
115 295
131 316
153 331
177 344
203 346
229 340
249 325
267 306
279 283
286 257
289 230
289 202
286 176
110 182
122 168
141 165
160 169
179 174
206 169
222 161
239 155
257 156
268 168
193 191
195 207
197 223
199 240
179 254
189 255
199 257
208 254
217 251
136 194
145 188
157 188
167 195
157 198
145 199
216 191
226 182
237 181
247 186
239 192
227 193
168 293
179 285
190 280
199 282
207 279
218 282
228 288
219 297
210 302
201 304
191 304
180 300
174 292
190 288
199 288
208 287
223 288
209 289
200 291
191 291
