122 241
123 276
124 310
128 345
141 376
165 403
193 426
226 445
262 450
298 444
326 424
349 400
366 372
374 341
376 307
376 275
376 243
151 226
167 210
190 208
212 212
234 220
279 220
301 214
323 211
344 215
358 230
258 245
259 266
261 286
262 307
233 318
247 321
262 324
274 321
286 318
182 244
194 238
209 239
221 247
208 248
193 248
289 248
302 240
316 241
329 247
317 250
303 250
202 351
225 348
247 348
260 350
275 347
295 348
316 351
297 375
277 386
262 388
246 387
224 377
209 352
246 356
260 357
275 355
308 353
276 370
261 372
247 370
