65 151
69 170
73 188
79 206
87 223
100 237
119 245
139 250
160 249
179 243
196 233
210 221
219 205
222 185
220 165
217 144
214 124
74 135
80 123
93 117
107 118
122 120
143 113
157 106
171 102
185 103
194 113
135 131
138 143
140 155
143 167
131 181
138 181
145 180
152 177
159 175
94 143
100 138
109 136
117 139
110 142
101 144
156 131
162 126
171 125
179 127
172 130
164 131
127 214
134 206
142 200
149 201
156 197
165 197
174 201
168 205
161 209
153 212
146 213
137 214
131 212
143 206
150 205
158 202
171 201
158 202
151 204
144 205
