103 182
101 214
102 245
107 275
117 303
131 329
149 353
169 371
197 377
225 372
253 357
278 338
300 314
317 287
325 256
328 221
329 187
116 157
125 140
144 135
165 138
184 146
217 146
238 139
261 137
282 145
296 162
199 175
198 193
196 211
194 229
172 243
183 248
195 251
208 248
220 245
137 180
148 172
162 172
175 181
161 185
147 186
230 182
244 174
258 176
270 183
258 188
243 187
159 292
168 279
183 274
194 277
207 275
224 281
239 295
224 316
206 324
193 325
181 323
167 314
166 292
183 288
194 289
207 288
232 294
206 303
194 304
182 301
