72 151
71 167
73 184
75 201
80 218
89 232
101 245
115 254
136 255
157 253
176 246
193 236
206 222
212 205
214 185
212 166
211 145
81 128
85 119
94 113
105 113
115 115
139 113
151 108
165 107
177 111
185 121
128 133
128 143
128 153
127 164
115 175
122 177
130 178
137 176
145 174
92 142
98 135
107 135
114 139
107 143
99 144
148 136
156 130
164 130
171 136
165 139
156 139
106 206
113 197
122 192
129 193
137 192
149 195
160 204
151 211
140 213
131 214
124 214
114 213
110 205
123 202
130 201
138 201
156 203
139 202
130 202
123 203
