156 260
149 310
143 361
142 410
150 460
171 504
204 541
244 569
297 584
350 586
396 567
434 539
466 505
489 464
503 420
513 373
521 326
208 222
236 201
272 197
309 206
340 225
382 235
417 228
452 229
484 243
499 275
355 271
352 300
349 329
346 358
294 375
314 386
336 396
359 394
378 390
238 268
260 258
285 261
303 278
280 282
256 279
395 297
418 286
443 290
460 308
440 313
416 308
237 438
269 427
304 424
325 432
347 432
377 445
402 469
368 493
337 498
314 497
291 490
261 473
248 441
301 446
323 451
345 453
391 466
341 471
319 470
297 463
