66 147
65 175
65 202
71 229
84 251
104 269
127 283
152 293
178 294
201 288
215 272
227 253
238 234
246 215
251 194
253 172
252 150
104 114
118 101
136 94
156 96
174 102
203 103
218 99
232 98
246 103
250 117
187 127
189 141
190 156
192 172
164 183
175 187
187 191
196 189
204 184
126 133
136 125
148 125
159 133
147 135
135 135
204 134
215 127
226 127
233 135
226 137
215 136
136 219
152 210
170 208
182 210
192 208
204 212
213 221
203 235
191 239
180 240
168 239
150 233
141 219
170 217
181 218
192 218
207 221
192 226
181 226
169 225
