121 212
120 230
122 248
126 265
129 283
135 301
145 317
158 330
178 334
200 333
223 324
244 313
261 298
273 280
277 258
278 236
279 213
123 189
129 181
139 177
151 177
161 181
190 179
204 172
220 171
235 177
245 187
175 199
173 215
171 231
169 247
160 253
166 258
173 260
182 256
190 252
135 205
142 199
152 199
161 204
152 206
142 207
200 202
210 195
220 195
228 201
220 203
210 204
150 281
158 276
167 275
175 278
184 275
197 277
212 282
198 288
186 291
175 292
167 291
159 288
153 280
167 279
175 281
185 280
207 281
185 282
175 283
167 282
