163 234
164 266
168 298
173 329
181 361
194 389
215 413
240 430
272 433
308 430
347 418
385 401
414 374
430 341
440 303
444 265
447 226
175 203
185 187
202 177
224 175
243 181
290 177
313 170
337 171
359 179
379 191
263 211
259 235
255 258
252 282
239 299
248 304
259 307
272 303
284 298
199 223
212 213
228 212
242 221
228 225
212 226
303 217
318 207
334 208
349 216
335 219
319 219
224 351
235 343
249 338
262 341
276 337
297 340
321 348
297 355
277 360
262 362
249 362
236 361
230 349
249 346
262 347
277 344
313 347
277 345
262 348
249 348
