56 134
58 152
62 168
67 184
74 200
85 213
97 223
111 232
127 233
143 230
159 221
174 209
186 194
194 176
196 157
195 137
193 117
60 117
66 110
75 108
86 110
95 114
121 111
131 105
143 102
155 102
166 106
110 129
111 142
112 155
112 168
104 177
110 178
116 180
123 177
129 175
74 132
80 130
88 129
95 132
88 133
80 134
131 129
137 124
145 124
153 125
146 127
139 129
97 200
104 195
112 192
119 193
127 190
138 192
148 195
140 206
130 211
122 212
114 212
105 209
101 200
113 198
120 198
127 197
144 196
128 202
121 203
113 203
