168 449
161 524
165 603
177 678
203 752
245 812
297 861
357 895
433 907
513 900
593 870
662 826
720 768
757 696
773 613
773 529
770 450
207 368
240 339
286 337
331 352
370 378
465 380
510 357
558 347
607 353
650 374
416 440
414 493
411 547
409 601
359 636
385 646
412 654
446 648
478 644
252 430
281 414
318 418
345 445
313 446
278 443
508 448
537 423
573 423
603 441
576 453
541 455
310 736
346 717
381 708
413 719
450 710
500 723
552 745
503 773
455 789
416 791
382 786
346 769
327 737
382 737
414 742
451 739
536 744
452 743
415 745
383 740
