72 156
65 205
65 259
69 312
75 366
89 419
111 461
142 493
190 507
244 509
296 490
345 462
385 421
416 372
435 317
449 262
460 207
91 122
114 100
147 98
179 111
206 131
264 140
301 130
339 129
375 144
396 173
233 182
227 222
221 261
214 302
172 319
191 328
209 337
231 336
252 336
120 161
140 153
165 159
182 181
159 182
135 176
288 200
313 186
338 190
356 204
335 213
311 210
139 389
161 382
185 380
201 390
223 389
246 401
272 418
239 428
211 429
190 426
172 420
152 407
146 391
181 398
198 404
219 406
260 415
216 404
195 403
178 397
