124 298
126 336
129 375
139 413
157 447
181 475
211 496
242 510
278 512
315 507
346 492
375 469
400 440
413 405
417 367
415 326
413 287
169 247
185 234
205 232
225 236
244 245
293 243
311 233
330 227
350 226
368 235
270 277
270 303
270 327
271 353
246 375
260 377
275 378
289 375
304 372
190 284
204 277
220 277
235 287
219 290
204 289
305 285
319 273
335 271
350 277
337 284
321 285
223 425
241 410
262 402
277 404
292 400
312 405
331 418
314 431
295 440
279 443
263 443
243 438
230 424
263 413
278 414
292 411
325 418
293 424
279 427
263 426
