156 394
157 465
161 535
171 605
196 672
236 730
288 777
347 814
421 823
493 815
549 782
598 737
637 682
663 615
674 547
677 476
678 408
203 351
240 315
294 299
349 310
395 334
460 338
505 314
559 303
612 311
647 349
426 373
428 416
429 461
431 508
356 533
392 543
431 553
470 540
505 527
250 391
281 376
315 375
349 394
312 398
279 398
505 393
540 377
573 378
603 391
575 398
541 397
303 638
352 615
402 604
434 609
464 602
505 611
544 633
505 676
465 696
432 702
398 699
350 680
320 638
400 629
433 630
464 626
528 633
464 657
433 664
400 661
