75 204
78 243
82 280
87 318
102 354
127 382
157 407
190 428
228 433
266 426
295 403
318 376
336 345
346 308
350 270
352 234
352 199
104 179
122 163
148 160
175 167
199 179
241 178
266 167
293 159
319 161
335 181
221 198
222 221
223 244
225 268
183 279
203 284
224 291
246 284
265 278
126 204
143 195
161 195
179 204
161 208
142 208
261 202
279 194
297 194
313 200
298 206
280 206
155 326
179 318
205 315
225 319
242 315
267 316
290 326
269 355
246 370
226 373
206 370
178 355
162 327
206 326
225 328
243 325
281 327
244 354
226 357
206 354
