93 177
91 208
92 238
97 267
107 293
124 312
146 329
167 343
193 346
217 344
237 327
255 308
270 288
279 265
284 238
285 214
283 190
120 170
134 156
155 154
176 160
194 168
220 170
236 165
252 162
267 164
275 177
205 188
206 204
208 220
210 237
180 245
193 249
207 254
221 250
232 245
137 184
148 180
161 180
173 188
159 190
146 189
229 191
239 185
250 185
259 191
250 193
240 193
159 280
178 277
195 275
207 278
217 275
229 278
241 282
228 291
215 295
204 295
192 295
176 290
165 280
194 283
206 285
217 284
236 282
216 281
205 283
193 281
