198 381
204 436
216 489
228 541
246 591
277 634
316 672
363 702
421 707
475 697
518 662
553 619
580 572
593 519
596 463
598 409
596 355
224 367
245 331
287 316
330 319
372 330
432 326
472 313
511 306
550 313
572 344
406 367
409 399
413 430
416 464
355 486
384 491
416 497
446 487
474 478
268 384
291 369
318 369
342 385
318 388
291 390
469 377
491 360
516 358
537 369
520 376
494 378
326 568
358 549
394 538
419 543
444 535
478 540
509 554
482 589
451 607
423 613
396 612
360 600
339 568
394 563
420 564
446 558
497 556
448 575
421 581
395 580
