116 208
115 236
119 266
125 294
134 322
145 348
162 371
183 389
213 395
245 392
273 378
297 358
318 334
331 305
337 272
339 240
340 207
122 190
130 173
149 167
169 169
186 178
220 175
240 164
264 160
289 165
307 179
204 198
204 218
203 237
203 258
177 269
191 273
207 277
224 272
240 267
134 207
145 199
160 199
177 207
161 210
145 210
244 203
259 194
273 193
288 199
275 203
259 204
163 314
176 303
195 299
209 301
225 297
247 300
269 311
250 334
228 344
212 346
196 345
178 335
170 315
195 312
210 312
226 310
262 312
227 328
211 330
196 328
