141 244
142 288
146 333
156 375
177 415
209 446
245 473
286 492
326 496
360 487
385 458
407 424
423 394
433 361
441 324
444 290
444 255
189 230
217 213
250 210
283 218
309 236
357 238
380 230
405 229
427 233
442 246
336 266
338 292
341 319
344 347
291 351
313 359
337 366
357 360
373 351
222 260
243 254
264 256
282 268
261 271
240 269
366 274
387 265
407 266
422 274
407 280
387 279
252 403
284 396
313 390
332 395
349 391
367 397
379 405
367 426
351 441
331 443
311 441
282 430
260 404
312 406
331 408
349 406
371 405
350 413
332 416
312 414
