107 191
110 212
113 232
119 252
127 270
138 286
155 298
173 306
193 308
214 304
232 295
248 281
260 264
266 245
269 225
270 204
271 182
115 172
123 160
136 156
151 156
166 160
195 157
210 153
224 151
238 155
248 163
181 178
181 190
181 202
181 215
162 228
173 230
184 231
195 228
206 225
129 184
137 178
148 178
158 185
147 187
137 187
205 181
215 173
226 173
236 177
227 182
216 182
157 262
166 253
177 248
186 249
195 246
210 249
225 256
214 263
200 266
191 268
181 269
169 268
161 262
178 257
187 256
196 254
220 256
198 258
189 259
180 260
