90 131
90 149
90 166
92 183
100 197
112 208
128 216
144 224
163 227
180 227
194 219
206 211
213 200
218 186
220 174
221 160
221 146
111 112
120 103
134 100
147 102
159 108
180 111
192 108
205 109
215 115
220 126
170 124
171 133
172 141
173 151
150 157
160 160
169 163
177 162
184 160
122 123
131 120
139 121
146 126
138 126
130 125
186 131
195 127
203 129
208 134
202 133
194 132
130 179
144 174
158 172
167 174
175 172
185 176
191 184
184 191
174 193
165 193
156 192
143 189
135 180
157 179
166 180
174 180
187 183
175 185
166 185
157 184
