156 228
156 259
159 290
162 320
173 349
191 373
217 391
245 404
277 409
310 409
340 398
367 383
385 361
398 336
405 309
412 280
417 248
179 189
195 166
221 155
251 156
276 166
306 170
333 162
363 165
388 180
401 205
291 197
290 213
288 228
287 246
250 262
267 268
284 273
302 271
319 268
203 204
218 198
234 198
248 205
233 206
218 206
329 211
345 205
360 208
372 217
358 216
344 213
227 323
247 304
268 296
284 301
301 298
323 309
339 331
320 338
299 338
281 338
265 337
245 333
236 321
268 309
283 311
301 311
330 328
300 322
282 323
266 320
