132 219
125 252
121 284
119 317
123 350
134 381
153 405
176 425
210 436
249 440
286 434
319 421
347 400
368 372
381 343
390 312
399 280
148 196
166 179
191 177
216 187
237 203
277 214
305 209
335 213
360 227
375 250
251 233
246 251
240 269
234 288
199 297
214 304
230 312
250 311
268 311
167 224
182 221
198 225
212 236
194 235
178 232
292 254
309 251
326 257
342 267
323 267
307 262
170 349
190 334
211 329
225 335
242 336
264 352
282 377
256 383
231 381
215 377
199 372
182 364
178 350
208 343
223 347
239 351
273 373
236 366
219 363
204 358
