58 102
56 119
57 135
58 151
60 166
67 180
76 192
88 203
105 207
122 206
136 198
149 188
159 175
166 162
171 147
174 132
176 116
63 96
72 89
84 90
95 95
105 101
130 103
142 100
154 100
165 102
173 111
117 114
115 126
114 137
112 148
94 150
101 154
110 158
119 156
128 155
73 108
81 106
90 107
97 114
88 114
79 113
136 120
145 116
153 117
160 121
153 124
144 123
80 166
92 168
102 169
109 172
117 171
127 173
138 173
125 182
114 185
106 185
98 183
89 177
84 168
101 174
109 176
116 176
133 174
115 176
107 176
100 174
