95 252
97 294
100 336
112 377
133 413
165 441
205 465
245 485
286 490
324 483
354 462
382 437
406 406
419 371
427 334
428 297
426 261
164 216
185 203
211 195
237 198
261 206
321 208
341 199
362 197
382 200
396 213
293 246
294 271
296 293
298 317
264 343
279 346
295 349
309 346
321 343
196 251
213 243
232 243
247 253
232 258
212 257
327 254
343 243
361 242
373 251
361 257
344 257
244 402
263 382
283 370
294 374
305 371
321 382
332 400
320 414
306 420
294 422
282 421
263 416
254 399
283 388
294 389
305 389
322 399
305 394
294 395
282 394
