650 1383
650 1604
658 1825
706 2044
820 2233
983 2378
1177 2485
1376 2576
1555 2595
1713 2535
1868 2427
2014 2307
2134 2163
2213 1985
2254 1792
2260 1594
2258 1399
929 1179
1028 1099
1156 1069
1285 1083
1396 1142
1726 1144
1815 1089
1924 1076
2025 1111
2094 1191
1568 1309
1574 1439
1581 1564
1590 1693
1399 1759
1480 1784
1567 1809
1647 1791
1719 1767
1093 1316
1183 1283
1266 1289
1336 1339
1261 1330
1177 1327
1742 1345
1816 1292
1894 1292
1970 1330
1901 1337
1824 1341
1228 1994
1344 1926
1470 1899
1547 1917
1623 1902
1727 1938
1811 2008
1724 2170
1622 2242
1539 2257
1454 2247
1330 2176
1258 1997
1468 1950
1546 1959
1620 1955
1771 2008
1620 2157
1540 2170
1459 2163
