145 313
147 368
150 423
155 478
170 528
199 571
239 605
282 630
334 639
388 633
441 615
491 591
527 554
550 507
562 456
569 400
575 342
192 282
217 260
252 257
286 265
317 280
376 279
408 264
443 259
479 266
506 288
342 324
339 357
336 390
333 424
301 454
317 457
334 460
353 457
372 455
227 322
248 310
272 313
291 332
270 334
244 332
395 335
419 318
444 318
465 332
445 339
419 340
275 527
298 505
320 491
335 496
353 491
374 506
396 529
373 543
351 549
333 551
315 548
295 539
285 523
318 515
334 516
352 515
386 526
352 517
334 518
318 517
