168 407
169 468
170 530
183 590
212 642
260 682
318 710
374 732
429 741
482 733
534 708
585 677
623 636
646 583
659 526
664 468
667 411
252 347
283 326
321 317
360 321
396 337
477 337
512 323
549 321
585 331
611 355
438 394
439 429
439 462
440 497
394 534
415 538
436 542
457 540
476 535
300 399
326 386
354 385
376 404
352 409
324 408
490 405
514 388
541 388
564 402
542 410
515 410
361 617
389 593
416 578
433 584
449 579
474 596
499 620
475 633
451 640
433 641
414 639
390 630
375 614
415 605
432 607
449 605
486 617
451 607
434 608
416 606
