90 186
86 206
84 228
87 251
93 273
104 293
118 309
136 323
159 326
185 324
212 314
236 303
256 287
269 265
276 241
278 216
279 191
98 148
103 134
116 127
131 128
143 136
168 137
186 129
207 131
225 141
236 156
156 164
154 181
151 197
149 214
134 228
143 232
152 236
164 232
174 229
109 171
115 164
125 165
135 171
125 172
116 172
184 171
193 164
204 166
214 172
204 172
193 172
125 270
134 257
144 252
152 254
162 252
179 259
197 269
180 276
164 280
154 281
145 280
135 277
131 268
145 263
153 263
162 263
189 268
163 265
153 265
145 265
