97 179
97 203
99 229
103 253
110 277
123 298
140 315
159 332
183 336
209 334
233 324
255 309
273 290
283 267
289 239
292 211
294 183
113 167
124 156
141 154
158 156
175 162
197 161
215 153
234 151
253 154
267 167
184 184
185 201
185 218
185 235
165 249
174 250
183 252
193 250
203 249
129 184
139 179
151 180
160 188
150 191
138 190
214 189
223 181
236 180
246 186
237 190
225 191
153 285
163 277
174 271
183 274
194 270
206 276
217 286
205 294
193 298
181 298
171 297
161 293
159 284
173 283
183 283
193 282
212 285
193 283
182 284
173 283
