64 152
68 176
73 200
79 222
91 241
109 257
131 270
155 280
178 281
199 274
215 259
227 243
237 224
241 202
241 180
239 157
237 135
88 138
99 127
116 123
133 124
148 130
168 128
181 120
197 117
212 118
222 126
162 148
164 163
167 178
170 194
148 202
159 205
171 207
180 202
188 197
109 154
118 150
127 150
136 154
128 155
119 155
182 149
190 143
198 142
208 144
200 146
191 148
134 231
147 224
161 220
171 220
181 217
193 218
203 221
196 237
185 247
174 251
163 251
148 246
138 231
161 225
172 225
182 222
198 222
183 235
173 238
162 238
