58 90
56 108
55 125
56 143
61 160
72 174
85 185
100 194
117 199
132 198
144 190
155 180
165 168
171 154
176 140
180 125
183 109
85 83
95 75
108 73
120 76
131 82
147 85
156 82
167 83
176 88
178 98
136 98
135 108
135 117
134 127
117 135
124 137
130 140
136 139
142 139
97 95
105 92
112 94
116 99
110 99
103 98
148 104
155 100
161 102
166 106
160 107
154 106
102 160
113 155
123 152
129 154
134 154
140 158
143 166
137 171
131 174
125 174
118 173
110 168
106 160
122 158
128 159
133 160
139 164
132 165
126 165
120 164
