59 139
61 161
65 182
68 202
75 223
86 241
102 255
120 267
143 269
166 264
185 252
204 237
216 217
222 195
224 174
225 152
224 130
69 127
80 118
95 115
110 115
125 119
150 116
164 111
179 108
195 109
208 116
139 131
139 146
140 160
141 175
123 186
131 189
141 192
151 188
159 185
88 138
96 134
105 133
115 136
106 139
96 140
165 134
174 130
184 129
193 131
185 135
175 135
108 215
120 213
133 211
142 213
152 211
165 211
180 211
166 223
153 229
143 231
133 230
121 226
113 216
133 217
142 219
152 217
175 213
152 219
143 220
133 220
