129 236
142 263
156 289
170 313
188 333
212 349
238 362
266 369
296 364
321 348
335 323
346 294
351 264
350 234
343 203
334 174
325 145
134 220
141 206
157 197
175 190
195 187
234 173
247 161
262 150
280 146
297 150
221 199
229 221
237 243
245 265
227 276
239 278
253 278
264 268
274 258
160 228
168 221
179 216
193 215
182 221
172 226
255 193
262 184
273 178
285 177
278 184
267 190
219 310
235 309
250 305
262 303
271 296
287 287
307 275
298 297
285 312
274 319
262 323
243 323
225 311
253 309
265 306
275 300
301 281
279 303
268 309
256 312
