194 502
217 584
236 659
263 734
310 801
374 857
452 896
536 926
620 925
691 893
737 834
775 766
799 693
812 616
810 540
801 466
791 391
270 447
301 402
352 375
413 369
468 376
573 360
616 333
665 316
714 316
749 345
545 426
560 472
576 517
592 565
514 610
553 615
593 621
624 603
649 585
346 480
373 461
405 452
440 459
413 471
380 479
615 431
640 412
670 404
699 409
678 422
649 429
457 723
509 703
561 687
596 689
627 676
667 671
706 668
678 723
644 748
610 758
574 763
517 758
473 721
565 704
599 702
631 692
692 675
636 721
603 732
569 736
