52 132
54 151
57 169
60 187
65 206
74 221
89 233
108 241
128 243
150 242
172 234
191 223
203 207
208 186
210 165
212 143
213 121
58 114
67 102
82 97
98 98
112 103
125 99
142 93
161 90
179 94
191 108
119 112
119 126
118 139
118 153
108 164
114 165
120 166
128 165
135 164
76 122
83 116
93 115
102 121
93 124
84 124
144 119
153 112
163 112
172 118
164 121
154 121
97 196
105 188
113 184
121 186
128 183
141 187
153 193
142 198
131 200
123 201
115 201
107 199
101 195
114 191
122 192
130 191
149 192
130 192
122 193
114 192
