63 135
68 162
73 189
80 214
92 237
110 256
132 271
156 280
180 279
200 274
216 263
230 246
238 224
240 199
242 174
244 150
245 126
96 126
109 116
126 115
144 118
161 122
178 120
192 112
207 107
223 106
233 116
172 134
173 149
175 165
177 181
160 193
168 195
177 197
184 194
190 191
119 141
128 137
138 135
146 140
138 144
128 145
189 137
197 131
207 130
216 134
209 139
198 139
149 232
159 224
170 220
178 221
185 218
195 221
202 226
196 233
188 236
181 238
172 237
161 235
154 230
170 226
178 226
186 225
198 226
187 226
179 227
171 227
