93 209
95 238
99 267
101 296
106 326
119 352
141 372
167 386
198 389
230 385
260 372
288 354
307 330
318 300
323 268
326 236
329 202
103 189
115 172
137 167
159 168
180 176
200 171
222 162
246 158
270 161
288 176
191 190
190 210
188 229
186 249
170 265
179 269
189 271
201 269
212 267
126 203
137 194
152 194
166 202
153 206
138 208
225 199
239 190
254 190
266 197
255 203
239 203
153 312
166 303
179 297
189 301
200 297
217 302
236 309
217 318
202 323
189 325
179 324
166 320
160 311
179 309
189 310
201 308
228 309
201 308
189 310
179 308
