121 372
125 420
131 465
134 512
142 563
163 607
202 636
249 650
303 652
363 651
420 639
472 614
508 574
527 525
537 470
542 414
547 358
136 323
156 293
195 283
234 286
270 301
310 293
350 278
392 273
437 281
470 307
292 330
290 365
287 399
283 434
256 464
272 471
289 475
310 471
330 466
177 349
197 335
223 334
250 347
224 354
198 356
354 345
378 330
406 331
429 343
407 353
379 352
226 548
247 533
271 522
291 529
311 523
342 533
378 547
343 560
313 568
290 571
270 569
247 561
236 546
271 542
291 545
312 542
366 546
312 542
290 545
271 543
