173 183
174 213
175 242
181 270
194 296
217 318
244 334
275 347
307 349
336 344
358 328
374 307
386 283
391 256
391 228
389 202
385 176
210 166
226 153
248 150
269 152
290 156
317 156
335 151
352 147
369 150
379 161
305 176
308 193
311 209
314 227
281 241
296 244
311 247
323 243
333 239
236 181
248 177
260 176
270 180
259 181
247 181
330 179
342 175
353 175
363 178
353 179
342 179
254 278
276 272
296 268
309 271
322 267
337 269
350 274
338 288
324 297
310 299
295 299
276 294
262 279
296 277
310 278
322 276
344 275
323 282
310 285
295 285
