47 129
47 150
49 170
53 192
59 213
72 231
88 247
105 262
129 265
154 261
176 247
197 233
214 215
223 193
224 167
224 143
224 118
51 118
58 104
72 99
88 98
104 101
136 97
155 91
174 89
193 93
206 106
120 115
119 132
119 148
118 165
102 174
111 176
122 179
133 174
144 170
70 123
79 118
89 117
99 122
89 123
79 124
152 118
161 112
172 111
182 115
173 117
163 117
81 196
97 197
113 196
125 198
139 194
159 193
181 190
162 208
142 218
127 221
114 220
97 214
87 199
113 201
126 202
140 199
176 193
141 209
127 211
113 210
