97 113
95 135
93 159
93 183
96 206
104 228
117 247
134 263
157 269
185 269
211 260
234 246
253 227
265 204
271 179
275 153
278 126
101 100
110 88
125 85
142 87
158 93
184 96
203 93
223 92
241 97
254 109
167 111
163 127
160 142
156 159
141 169
150 172
159 175
170 173
182 172
118 111
127 107
138 107
147 115
136 115
126 115
198 117
209 112
220 113
230 118
219 120
208 119
124 200
137 196
149 195
160 197
171 196
186 199
204 205
185 211
169 213
158 213
147 212
136 208
130 202
149 202
160 203
171 203
197 205
170 202
159 202
148 201
