188 351
187 398
187 446
188 496
197 546
214 589
243 626
276 655
325 667
381 662
437 644
490 616
530 578
555 530
567 477
577 427
585 372
199 325
218 302
249 295
284 299
317 310
357 314
400 305
443 301
485 309
515 337
331 343
324 371
317 399
309 429
284 455
299 461
318 466
342 461
367 457
231 347
250 334
273 333
294 350
271 353
248 353
398 353
419 337
444 337
468 350
445 357
420 357
256 528
273 514
300 507
323 511
346 505
383 513
423 530
383 554
347 564
323 566
298 564
274 552
267 528
300 525
323 527
347 524
411 530
347 543
322 545
299 543
