84 136
86 161
90 185
96 208
109 227
123 245
141 257
161 267
186 267
211 261
228 248
242 232
253 212
258 190
258 167
258 144
255 121
105 116
117 108
131 105
146 103
161 105
184 101
198 96
213 94
228 94
239 101
175 115
176 130
177 146
177 161
157 175
167 178
179 180
190 176
199 172
120 129
129 122
140 119
150 124
140 127
130 129
200 119
210 113
220 112
229 117
221 120
211 120
143 214
155 204
170 199
180 202
190 198
204 200
218 205
207 217
193 225
182 227
171 227
157 222
148 213
170 210
181 210
191 208
213 204
192 211
181 213
171 213
