201 291
201 323
201 355
202 387
209 419
227 446
250 470
277 493
310 500
345 496
378 479
407 458
431 434
446 404
452 371
455 338
461 302
219 278
233 265
254 264
275 267
294 275
336 276
359 271
382 270
404 273
423 284
314 295
311 316
308 336
305 358
281 369
292 374
306 380
323 375
339 372
240 293
255 288
271 289
285 299
270 299
254 299
352 302
368 293
383 294
397 300
383 304
368 304
250 397
270 397
292 398
308 402
328 399
354 400
380 403
355 430
328 442
307 443
289 441
268 428
258 400
291 408
308 411
328 408
372 404
328 427
308 429
290 426
