266 306
266 343
268 379
274 415
290 448
316 474
349 493
384 504
422 507
457 500
478 482
499 459
516 432
528 402
534 372
536 341
537 309
304 272
327 258
356 254
384 257
411 263
443 262
467 258
491 257
513 261
526 276
428 286
429 305
431 325
433 346
391 366
409 371
427 376
443 371
458 367
333 290
350 280
368 280
384 291
367 293
349 293
458 292
475 281
492 282
506 291
492 294
475 294
350 411
378 402
408 398
424 402
439 398
460 401
478 408
459 431
439 442
422 445
406 443
377 434
358 411
407 410
423 412
439 410
469 409
439 424
423 427
406 425
