38 227
45 267
57 306
71 343
90 379
122 410
163 434
209 452
253 452
294 443
325 417
352 384
367 346
371 302
372 256
372 211
367 166
68 174
86 149
117 137
150 135
182 142
227 126
255 110
287 103
318 110
339 133
210 173
214 205
219 235
223 267
192 297
210 299
229 301
244 295
259 289
107 200
123 184
144 182
166 194
147 201
125 204
250 179
267 159
289 155
308 165
294 177
272 180
176 365
196 352
214 340
229 343
242 337
266 344
292 351
273 370
253 380
238 384
222 384
201 379
185 365
217 356
232 356
245 353
283 352
248 356
234 360
219 359
