143 283
144 315
148 347
154 379
162 411
177 439
202 463
231 482
264 487
300 483
333 468
363 446
385 417
397 383
405 347
411 310
414 272
163 244
176 225
199 218
223 221
245 230
285 224
309 213
335 209
361 217
377 237
264 258
263 284
262 310
260 337
236 356
248 360
259 364
274 361
287 358
186 269
200 259
218 258
232 270
218 274
200 275
301 269
318 257
336 256
349 266
337 272
319 272
215 406
229 397
245 392
256 395
268 394
288 402
311 412
289 426
269 430
255 430
243 427
228 419
222 406
245 405
256 407
268 407
303 412
268 412
256 412
244 409
