47 110
48 129
50 147
54 164
62 178
73 189
86 199
100 207
115 210
129 209
141 200
151 188
159 175
165 159
169 142
171 125
172 107
68 91
75 81
87 78
100 78
112 82
135 83
144 78
154 77
163 80
168 89
122 100
123 112
124 123
124 135
108 145
115 147
122 150
128 148
134 146
83 103
90 97
99 97
105 105
98 107
89 106
135 106
143 98
152 97
158 104
152 107
143 107
93 167
103 164
113 162
119 164
125 163
132 166
140 169
131 178
124 181
118 181
111 179
102 175
98 168
113 170
119 170
124 170
136 170
124 171
118 171
112 170
