116 186
118 211
121 236
128 260
137 283
154 304
177 320
200 332
226 334
247 329
262 313
276 296
284 275
290 253
294 232
298 210
298 188
152 173
163 162
179 156
196 158
212 164
243 161
255 154
269 151
282 154
289 166
229 183
231 201
234 219
236 237
213 248
222 251
231 254
240 251
247 247
171 190
180 182
192 181
203 189
192 193
180 194
246 189
256 179
267 178
275 185
268 190
257 190
193 279
207 276
221 273
229 275
236 273
246 276
257 279
246 289
236 293
228 294
219 293
206 287
198 279
220 281
229 282
236 281
253 280
236 281
229 283
220 281
