133 300
140 343
150 384
160 423
176 462
202 495
237 523
277 545
319 552
358 542
392 516
418 484
438 444
447 402
453 357
458 313
456 269
170 265
189 246
216 238
246 240
272 251
322 242
348 225
377 218
408 221
430 241
301 283
304 314
307 345
311 375
279 396
295 402
311 406
327 401
341 395
205 294
222 283
243 283
262 295
243 299
222 300
340 291
359 274
380 270
398 280
383 289
362 292
250 445
273 433
296 427
313 430
331 426
354 430
377 438
357 468
335 479
316 482
297 479
274 469
260 446
296 441
314 443
332 440
367 440
333 455
314 458
296 456
