184 363
193 423
207 480
224 539
250 593
291 635
346 667
405 689
462 691
513 677
549 643
578 599
597 548
608 491
618 436
622 381
616 327
255 309
281 277
322 258
369 257
412 269
476 264
509 245
546 239
581 250
599 279
454 321
460 357
467 394
474 432
422 467
445 474
467 480
486 473
502 465
313 338
335 322
364 320
389 336
365 344
336 346
494 329
516 309
543 306
563 318
546 330
520 333
383 554
416 539
448 528
465 532
481 527
505 537
529 547
506 571
485 582
467 585
448 583
417 573
395 555
448 551
465 551
482 549
517 550
482 553
465 555
448 555
