107 218
112 245
116 272
122 299
133 324
149 347
170 366
194 383
223 387
252 381
275 364
295 344
311 320
319 293
322 265
324 236
327 206
127 194
139 179
158 173
179 174
200 180
230 179
251 172
272 170
292 176
304 192
216 196
217 214
218 232
218 251
195 265
206 268
218 272
230 268
240 263
152 206
162 200
175 198
185 205
175 209
162 210
247 203
257 195
270 196
280 203
271 206
258 205
180 311
194 302
209 296
221 299
231 294
247 298
260 306
249 319
235 326
223 328
211 328
196 322
187 310
209 308
221 309
232 306
254 307
234 309
223 311
211 310
