36 113
40 132
45 151
51 168
60 184
74 197
91 206
109 212
128 212
146 208
158 197
169 183
176 167
178 150
177 133
177 117
176 100
49 99
58 87
72 81
88 78
103 80
124 80
136 76
149 77
160 81
167 91
115 95
116 104
118 113
120 122
107 138
113 138
120 138
126 137
132 135
69 105
76 100
85 99
95 102
86 104
77 106
130 100
138 95
146 96
153 100
146 101
138 101
99 171
106 160
115 154
121 156
127 153
136 157
143 166
137 170
130 173
123 175
117 175
108 173
103 169
115 163
122 163
128 162
139 164
129 162
122 164
116 164
