95 289
97 331
100 374
112 417
131 458
157 495
187 527
224 550
271 555
324 549
370 529
410 498
443 460
459 416
467 366
469 318
471 269
122 248
137 223
166 211
198 210
230 216
283 214
316 202
352 199
386 211
410 234
253 245
252 268
250 291
249 317
217 353
236 358
256 363
279 355
301 346
151 270
169 253
192 250
214 266
192 269
169 271
311 257
332 239
355 238
374 253
355 257
333 257
197 420
215 399
241 390
263 392
286 387
323 392
356 409
328 438
293 453
269 457
245 456
219 445
208 419
242 406
264 406
287 402
345 409
291 432
267 435
244 434
