61 108
62 123
64 137
67 150
73 163
83 173
95 181
109 186
123 187
136 184
146 177
154 168
159 157
162 145
164 132
165 119
165 107
77 96
84 88
94 84
104 85
115 87
128 87
138 84
148 84
157 88
161 96
123 95
124 103
125 111
126 119
112 129
117 130
124 132
129 130
134 128
88 100
94 96
101 95
107 100
100 100
94 101
134 100
140 95
146 95
151 100
146 100
140 100
101 150
109 145
119 143
124 144
130 142
137 144
142 149
136 153
130 156
124 157
118 157
109 154
104 150
118 149
124 149
130 148
139 149
130 148
124 150
118 149
