111 239
111 279
114 318
120 357
130 393
149 426
178 450
214 465
260 467
307 464
350 452
384 428
410 394
425 352
431 310
437 268
441 226
134 202
154 175
184 162
219 158
250 168
278 165
311 154
349 154
383 164
408 188
263 202
261 224
259 246
256 269
217 301
239 303
260 305
283 302
304 299
159 223
177 210
196 208
217 220
198 222
178 224
318 215
338 200
359 200
380 210
360 214
339 214
193 371
211 340
237 326
257 329
278 324
308 337
334 364
310 386
282 395
259 397
238 396
212 389
205 367
238 350
258 350
279 349
321 361
280 366
258 368
238 367
