57 106
51 122
47 139
45 156
46 174
50 191
56 206
63 220
77 226
96 231
116 228
136 222
153 213
167 199
178 184
186 166
193 148
69 93
77 87
89 88
99 94
108 101
127 108
139 107
152 110
163 115
171 124
113 117
108 127
103 137
98 147
81 151
88 154
96 159
106 160
117 161
73 108
81 106
89 109
95 116
86 113
78 111
134 126
143 123
151 127
158 133
149 132
141 129
65 170
74 165
86 165
93 169
104 170
116 178
127 190
111 197
96 199
86 197
77 193
68 185
68 171
84 170
92 173
102 175
123 187
99 188
89 186
80 183
