94 244
94 270
99 299
108 328
121 356
137 383
156 405
178 421
210 422
246 415
280 399
311 375
338 348
357 315
361 276
359 238
353 199
91 196
96 176
112 164
133 160
152 164
187 155
211 139
240 131
270 134
296 149
173 192
172 212
171 232
170 253
152 281
167 281
182 280
199 274
216 269
107 222
117 208
133 204
149 211
135 217
120 222
224 192
237 178
254 174
270 180
258 188
241 191
146 343
154 321
172 308
186 307
203 301
231 307
258 320
239 344
214 357
196 361
180 364
162 359
154 340
175 325
189 323
206 318
249 321
210 336
192 341
177 342
