69 122
70 144
73 167
78 188
91 205
108 217
129 224
149 229
169 230
185 227
194 217
201 205
206 189
210 174
213 158
211 143
208 128
103 103
117 96
133 93
149 96
163 104
182 106
190 102
199 101
206 103
210 110
173 120
176 131
179 141
182 152
159 162
167 164
176 165
182 165
188 163
121 119
131 115
141 115
148 121
140 122
130 122
182 124
191 120
199 121
203 126
198 127
190 126
142 188
157 181
169 178
176 180
183 178
190 182
194 189
189 195
181 198
175 199
167 198
156 195
147 188
169 185
176 186
182 186
191 188
182 187
175 188
168 187
