52 143
52 162
53 181
56 201
62 220
71 237
83 251
98 260
120 259
144 256
165 248
186 238
204 225
215 206
219 184
220 161
221 139
53 125
61 114
73 110
86 109
99 112
126 108
142 101
159 96
176 98
191 107
112 129
110 141
109 153
107 165
92 182
102 181
112 181
123 179
134 178
65 140
72 133
82 132
92 138
83 140
73 142
143 133
153 124
165 123
175 127
166 131
155 132
83 213
92 202
102 196
110 197
121 195
137 199
152 207
138 214
124 218
113 220
104 220
93 218
88 211
103 205
111 205
121 203
147 206
122 206
112 208
103 208
