133 270
130 301
130 332
133 365
140 393
153 420
171 443
194 459
226 464
259 462
286 448
311 427
332 401
347 373
355 339
358 306
359 274
154 251
163 237
179 233
196 237
214 244
249 245
268 237
290 234
310 241
324 256
230 266
227 283
224 300
222 319
199 331
211 336
224 340
239 337
252 333
173 270
183 267
194 267
206 270
194 271
183 272
263 271
275 269
287 269
299 273
287 275
275 274
182 376
195 366
211 363
224 365
238 363
256 367
274 378
256 391
238 395
223 396
210 395
195 390
188 376
211 371
224 372
238 371
267 378
238 383
224 384
211 383
