31 124
31 145
37 168
45 190
54 211
69 230
87 245
107 255
132 254
158 248
183 234
204 217
223 197
236 173
240 145
236 117
231 88
30 99
32 85
45 78
60 77
76 80
104 71
125 63
145 58
166 62
181 74
96 103
97 119
97 135
97 152
86 166
95 168
105 169
116 164
125 160
47 116
55 107
67 106
80 112
69 116
56 118
126 103
136 93
149 91
161 95
152 101
139 104
86 204
91 193
101 188
109 188
120 184
136 185
153 189
141 196
128 202
117 205
108 206
96 207
91 202
103 197
111 196
122 193
145 189
124 191
113 194
105 195
