43 196
47 227
51 256
56 285
64 313
82 335
108 351
138 362
173 363
211 363
243 357
268 345
284 322
293 294
297 265
302 236
305 204
71 172
87 154
111 146
136 147
163 151
198 150
224 143
250 140
276 147
291 169
178 178
179 200
179 222
179 244
155 259
167 262
180 265
193 262
205 258
98 192
112 182
127 181
143 191
127 195
111 195
217 190
231 179
247 179
262 188
248 193
232 192
135 307
148 293
165 284
178 287
191 284
206 291
225 306
206 313
191 317
177 318
164 317
148 314
143 306
165 296
178 296
191 296
217 305
191 302
178 303
165 302
