114 186
116 211
120 235
124 259
132 282
143 303
160 320
181 333
209 336
238 335
264 324
286 308
303 286
312 260
317 233
319 207
321 180
127 161
136 144
154 138
174 139
194 144
219 141
240 133
262 130
283 137
296 154
204 166
204 183
202 200
201 217
184 233
193 235
204 235
216 233
227 231
144 179
155 172
168 171
181 179
168 182
155 183
238 176
251 167
264 166
275 173
264 177
251 177
170 276
182 265
195 258
205 259
215 257
230 262
248 271
231 278
217 281
206 282
195 283
183 281
176 275
195 268
205 268
216 266
242 271
216 271
206 273
196 272
