71 125
73 143
76 161
81 177
87 193
96 207
108 218
123 227
141 229
159 228
176 219
190 206
201 191
207 173
210 154
211 135
212 115
79 112
86 102
98 98
111 99
123 102
140 99
152 93
166 91
178 94
188 102
133 114
133 127
132 140
132 154
120 161
127 164
135 166
144 163
152 160
93 121
100 116
108 116
116 120
108 122
100 122
155 118
162 113
171 113
178 116
171 119
163 119
115 187
123 182
131 179
137 181
144 179
155 180
167 184
156 189
146 191
139 192
132 192
124 191
119 187
131 186
138 186
145 185
163 184
145 185
138 186
132 185
