48 184
49 203
51 221
54 240
60 259
69 275
82 290
97 302
117 305
138 303
157 293
174 279
188 264
196 245
201 225
202 205
203 185
61 167
67 156
79 152
93 152
106 155
127 155
141 152
156 152
169 157
179 167
116 172
115 184
114 197
114 210
100 221
107 224
115 226
124 223
133 221
73 179
80 174
89 174
98 179
89 180
80 180
140 178
149 174
159 175
167 180
158 181
149 180
89 251
99 246
109 245
117 246
124 244
136 247
148 251
137 259
125 262
117 263
108 262
99 259
93 251
109 249
117 251
124 249
144 251
124 255
117 256
109 255
