97 216
101 259
107 300
113 339
123 377
144 412
175 439
211 464
251 473
291 466
324 443
355 417
378 385
390 350
396 313
403 271
406 227
129 221
153 206
183 207
211 216
238 226
281 229
307 221
333 215
361 216
382 229
258 247
258 277
259 306
259 337
222 339
239 346
259 354
277 346
293 338
164 245
182 239
201 240
218 252
199 251
181 249
297 254
315 245
332 244
349 251
332 254
315 254
189 373
214 369
238 367
258 371
278 366
300 367
321 373
302 401
279 416
257 419
235 416
211 401
201 376
237 380
258 383
277 380
311 375
278 389
258 392
237 389
