282 289
281 323
282 357
284 389
291 420
305 449
327 472
355 491
386 500
424 500
462 486
497 468
526 444
545 414
556 379
562 342
568 302
299 265
315 249
340 245
365 251
390 259
430 260
455 255
481 255
506 262
525 279
403 279
401 303
398 326
396 351
370 361
383 366
397 372
413 368
429 365
324 280
339 275
354 275
369 284
353 284
338 284
446 288
463 283
478 286
492 293
476 295
461 292
343 408
360 399
381 395
398 400
416 399
436 407
455 421
432 431
409 436
390 436
373 433
356 425
351 409
380 408
397 412
415 412
446 419
411 414
393 414
376 411
