74 186
76 211
79 234
81 257
87 280
100 301
118 317
140 330
166 332
191 328
215 317
239 303
256 284
266 262
268 236
269 212
270 187
87 169
94 152
109 144
127 146
145 152
176 150
194 143
214 141
233 147
244 162
160 171
160 187
159 203
159 219
140 229
150 232
162 235
174 231
185 226
105 178
114 169
125 170
137 177
126 179
114 180
190 175
200 166
212 166
222 173
213 175
202 176
126 264
137 255
152 251
164 253
177 250
193 252
208 261
194 274
178 281
164 283
152 282
137 277
132 264
152 259
164 259
177 257
201 261
177 267
164 269
152 268
