51 96
50 111
51 125
53 140
57 152
66 163
76 172
88 180
102 182
115 181
126 174
135 166
141 155
146 144
149 132
151 121
152 108
65 87
73 80
84 78
94 80
105 84
120 86
130 85
139 85
148 89
150 98
112 95
111 103
111 111
111 120
99 125
104 128
109 130
114 129
118 127
78 94
84 92
90 92
96 97
89 98
82 97
121 101
128 97
134 98
139 103
134 104
127 103
84 145
93 141
102 140
108 141
113 141
120 143
125 149
119 155
113 157
106 157
100 156
91 153
88 145
101 144
107 145
113 145
122 148
113 150
107 150
101 149
