129 211
129 251
132 290
135 329
141 369
155 404
183 431
216 451
258 459
303 456
347 440
386 416
414 384
433 347
444 308
450 268
454 223
140 192
152 167
181 160
210 166
239 177
285 178
317 170
350 169
381 178
404 200
257 208
254 235
251 263
248 291
223 305
236 311
251 316
271 312
289 307
173 210
189 201
209 202
225 216
207 219
188 218
309 219
328 209
347 210
364 220
347 226
328 225
205 369
220 356
238 350
254 355
271 351
294 357
316 371
292 381
269 385
251 385
235 384
218 380
213 369
237 364
254 365
270 364
306 370
270 365
253 366
236 364
