82 143
82 162
83 180
85 198
87 216
93 233
104 246
118 257
137 261
160 260
182 254
202 243
217 229
227 211
233 192
237 172
239 150
85 129
92 120
104 119
116 123
128 129
152 129
168 126
184 125
200 129
212 138
139 142
137 156
134 169
132 184
121 189
127 192
135 195
145 193
154 191
99 142
105 137
115 138
123 145
114 147
105 146
165 147
174 142
184 142
192 148
184 151
174 150
112 219
121 213
130 210
137 212
145 211
155 214
166 221
154 226
143 228
135 228
127 227
119 225
116 219
129 217
137 218
144 217
162 220
143 217
136 217
128 217
