53 100
51 121
50 140
51 161
55 180
65 198
77 212
93 224
112 229
131 228
147 220
162 208
173 192
181 175
187 155
190 135
192 115
72 98
79 90
91 89
103 91
114 96
135 99
146 95
158 95
170 99
176 108
124 110
123 125
123 139
122 153
104 158
111 162
120 165
128 164
136 161
83 110
90 108
97 109
104 113
96 114
89 113
140 117
148 115
155 115
162 119
155 120
148 120
88 180
99 179
110 178
118 181
127 180
136 182
145 184
135 191
125 195
116 196
107 194
97 188
91 181
109 184
117 186
126 185
142 185
126 186
117 187
108 185
