278 610
287 705
301 798
319 893
353 980
405 1061
471 1130
550 1188
656 1196
762 1177
846 1110
918 1032
971 940
1004 850
1020 754
1025 657
1026 557
313 571
348 519
410 504
475 506
543 524
655 517
728 491
802 484
877 498
932 547
610 590
613 663
616 737
619 808
549 836
583 851
625 861
667 845
704 828
387 590
420 554
473 554
516 598
471 608
419 609
717 587
755 539
809 536
851 568
813 590
761 593
490 948
533 918
591 905
634 914
676 902
738 907
787 926
741 997
685 1031
638 1038
590 1035
533 1008
512 950
591 951
635 953
678 948
761 933
680 967
635 974
590 970
