383 618
391 710
406 801
422 890
455 973
505 1050
568 1112
646 1162
741 1168
840 1144
919 1084
987 1014
1036 931
1067 846
1078 752
1079 658
1076 564
418 582
452 531
512 515
574 520
635 539
736 535
802 508
869 500
939 512
988 556
699 598
702 667
705 737
708 805
638 831
673 845
714 856
755 839
790 822
493 604
524 578
567 579
608 608
567 616
524 617
800 601
834 568
877 566
915 586
881 601
839 606
583 937
628 915
681 905
721 912
763 901
818 903
868 915
825 981
773 1013
727 1021
682 1019
629 996
603 940
681 941
722 943
766 936
846 923
768 959
723 967
682 964
