102 201
105 228
109 255
116 282
125 310
138 335
157 356
181 369
213 370
245 361
271 343
293 322
311 295
324 266
326 232
323 199
319 165
103 180
109 165
123 158
140 157
157 159
188 146
206 136
226 129
248 130
267 138
174 175
175 195
176 214
176 234
162 254
172 257
184 258
198 251
211 244
121 192
128 184
140 182
154 186
142 191
130 194
211 174
219 163
230 161
244 163
233 169
222 172
156 301
167 291
179 284
192 285
204 278
225 276
250 277
231 293
214 304
200 308
188 310
172 308
162 300
182 295
194 294
207 289
242 280
210 291
197 296
184 297
