127 248
132 288
139 327
146 366
157 403
180 436
211 460
250 477
295 477
339 469
375 448
404 422
423 387
432 349
434 310
436 271
436 232
154 233
171 213
199 204
231 204
262 209
290 209
320 201
352 197
384 201
408 220
277 237
279 261
281 283
282 308
253 333
268 335
285 337
301 331
317 326
193 243
207 235
224 233
240 242
224 246
208 246
320 236
334 226
351 224
367 230
352 236
335 237
233 386
252 372
271 365
289 367
305 362
326 364
347 375
328 382
310 387
293 390
274 389
255 389
242 383
272 375
290 375
307 372
339 374
307 372
291 375
273 375
