230 285
228 333
227 378
231 423
239 465
257 500
288 526
329 540
377 548
429 549
476 541
513 519
538 486
557 446
571 402
580 357
587 310
274 230
289 200
319 183
356 182
385 198
445 204
478 193
515 198
545 222
556 257
413 245
411 273
409 301
406 330
365 361
382 368
400 374
419 371
436 368
308 254
325 239
345 241
362 259
344 259
323 259
457 267
478 253
498 256
513 275
496 276
475 272
325 436
352 419
376 412
393 419
412 416
433 427
453 447
429 446
405 439
386 438
368 436
347 438
334 432
374 426
391 428
410 430
443 442
408 426
389 425
372 423
