203 104
202 115
203 127
205 139
208 152
213 163
220 172
230 178
243 179
257 178
270 173
282 166
292 156
298 145
301 131
302 117
302 102
205 94
207 85
215 82
223 81
231 83
245 80
255 76
266 76
277 80
283 88
238 92
238 101
237 109
236 118
231 127
234 128
239 129
244 127
249 126
213 97
217 93
223 92
229 96
224 97
218 98
254 94
259 89
265 89
271 93
266 94
260 94
224 149
228 143
234 141
240 142
246 140
254 141
262 145
254 148
247 150
240 151
234 152
228 152
225 148
234 145
240 145
246 144
259 145
246 144
240 145
234 145
