147 224
150 251
154 276
159 303
167 330
180 355
198 375
220 392
249 398
280 394
307 379
328 358
344 331
354 301
357 269
356 238
355 207
156 208
164 195
180 190
197 193
211 199
242 197
259 186
279 182
299 184
315 195
230 220
230 243
229 266
229 290
212 298
222 303
235 307
249 301
261 296
175 227
184 222
195 222
206 227
195 231
184 231
261 222
271 216
283 214
295 217
285 223
273 224
202 329
215 327
227 326
239 329
252 325
270 324
290 324
273 334
256 341
243 343
230 342
217 338
208 330
228 333
240 334
254 331
284 325
255 331
241 334
229 333
