119 191
117 218
118 245
121 272
128 299
140 325
159 346
182 362
209 367
235 363
257 349
275 331
289 309
300 285
306 261
313 235
316 210
143 183
160 173
181 171
201 174
220 181
236 183
255 180
275 180
293 184
306 195
227 204
226 224
225 243
224 263
202 272
211 276
221 280
231 278
240 274
166 200
176 196
188 197
199 205
187 206
176 206
247 208
258 200
270 201
279 206
270 211
258 210
184 302
197 299
209 298
218 301
227 299
236 302
247 307
235 310
225 312
216 312
206 311
196 308
190 302
208 304
217 306
226 305
242 306
226 302
217 303
208 301
