32 124
35 151
38 178
41 205
51 229
65 252
85 270
108 283
135 285
161 280
182 266
200 247
212 225
220 200
223 175
226 148
228 121
53 114
63 99
80 93
98 94
116 99
145 99
162 94
181 94
199 101
208 115
132 119
132 137
133 155
133 173
111 184
120 187
131 190
142 186
153 183
76 122
84 118
95 118
105 123
95 126
84 126
155 124
165 118
176 119
185 123
176 126
166 126
95 222
108 214
121 211
133 214
144 211
157 213
168 218
158 231
146 236
133 237
121 236
107 232
100 221
121 217
133 218
144 216
163 219
145 226
133 228
121 227
