73 94
76 126
80 156
85 186
92 215
105 241
125 262
149 279
177 284
206 280
231 265
254 246
270 222
279 194
284 165
288 136
290 106
91 84
104 73
123 69
142 71
160 78
199 84
216 75
235 72
255 72
269 82
180 102
180 125
180 148
180 172
158 179
168 184
180 189
192 184
203 178
112 103
125 98
139 99
151 108
137 110
123 109
211 108
224 100
237 99
250 103
238 109
224 110
132 207
149 208
166 209
179 211
190 209
204 209
223 209
205 222
190 226
178 228
164 226
147 221
139 209
165 213
178 214
190 213
217 211
190 217
178 219
165 218
