93 175
96 223
102 270
107 318
118 364
140 406
171 439
209 466
254 475
302 470
347 447
386 415
413 371
429 319
435 269
439 217
441 163
98 142
114 121
140 116
169 123
193 138
261 137
292 117
328 110
364 113
391 134
232 179
231 218
230 256
228 294
198 311
214 318
234 324
255 316
274 310
135 182
149 174
170 176
190 190
169 194
148 193
287 188
306 174
329 173
350 179
333 191
309 192
185 369
204 365
224 360
240 366
259 360
287 366
319 370
290 390
263 396
243 397
225 393
204 383
194 371
224 376
241 377
260 375
309 372
261 373
242 373
224 371
