191 151
192 170
195 190
198 210
205 228
217 244
230 260
245 272
265 273
284 268
302 257
317 242
329 224
336 205
339 184
339 163
339 141
199 149
205 139
218 135
231 136
245 138
255 137
269 131
283 127
298 127
311 132
252 150
252 163
251 174
251 188
240 197
246 200
254 202
262 198
270 195
215 151
220 147
228 146
236 151
229 153
220 153
272 147
278 141
287 140
294 143
287 146
280 147
234 226
242 220
249 218
256 219
264 216
274 217
287 220
275 224
266 226
257 228
250 228
243 227
237 224
249 222
256 222
264 220
283 220
265 222
257 223
250 223
