130 204
122 247
119 293
124 336
140 375
164 409
190 438
221 460
253 468
284 464
306 444
327 419
346 391
363 361
377 332
388 300
392 267
187 182
209 173
232 175
255 184
273 200
326 215
344 212
362 215
376 222
384 235
294 247
291 270
288 294
285 317
249 328
262 336
277 344
292 341
305 337
210 224
226 220
243 226
254 241
238 240
221 235
318 259
333 250
349 253
359 263
347 268
332 265
215 374
238 368
260 367
273 374
286 372
300 380
309 397
296 417
280 425
266 425
251 420
232 405
223 377
257 380
271 384
284 385
302 396
282 404
269 404
255 400
