60 107
45 152
31 200
27 247
40 289
64 327
93 360
124 388
159 401
192 404
220 387
247 368
274 342
297 315
318 285
332 252
340 220
143 102
168 89
198 88
226 98
250 116
285 131
308 131
330 137
348 151
350 175
256 165
252 191
249 216
245 242
195 251
211 260
228 271
246 270
261 266
161 138
180 132
198 138
209 156
192 153
174 147
279 178
297 170
313 176
320 193
308 192
292 186
148 294
176 291
204 294
219 303
234 302
246 311
251 329
233 344
217 347
201 344
183 338
162 322
156 298
199 307
215 313
229 315
244 328
224 326
210 324
193 318
