131 249
136 291
145 333
159 372
185 405
215 432
246 453
281 466
317 464
345 453
364 429
380 401
395 367
404 330
407 293
407 255
402 219
177 214
197 197
222 189
248 189
273 196
319 192
336 181
356 176
375 179
386 193
301 232
307 255
312 278
319 302
283 328
300 330
317 332
331 326
342 319
205 243
221 237
238 236
255 243
238 247
221 249
333 234
345 224
359 223
372 227
362 234
347 235
264 392
286 377
305 367
320 370
332 363
345 367
355 377
349 391
339 401
326 405
311 406
290 403
274 389
306 383
321 384
333 380
348 377
336 379
323 384
309 384
