50 192
58 235
68 275
81 315
105 348
139 375
179 393
224 403
267 404
302 395
322 371
335 340
342 302
346 262
347 223
346 187
340 151
103 148
121 124
148 109
179 105
209 111
255 107
277 96
301 92
323 99
335 117
238 150
245 172
252 194
260 216
221 252
240 254
260 256
275 249
288 241
137 174
154 163
172 159
189 166
174 172
156 175
273 156
289 145
306 143
319 149
308 155
292 156
205 328
227 308
248 295
263 298
276 292
292 298
306 314
298 328
284 337
270 341
254 341
231 339
216 325
249 312
265 312
278 309
297 313
281 314
267 317
251 317
