94 68
91 116
88 165
92 215
107 261
133 300
163 334
199 360
241 372
280 371
310 348
335 318
357 284
373 246
385 205
391 166
394 127
159 49
182 30
209 23
236 28
263 41
319 48
344 45
368 49
387 63
393 90
287 97
287 121
288 145
289 170
240 190
259 198
278 207
295 203
310 199
184 90
203 85
222 86
235 99
219 102
201 99
320 113
339 107
357 110
367 122
355 126
337 122
198 253
228 241
255 237
272 244
288 241
305 251
318 270
300 288
281 295
262 294
244 290
221 278
209 254
252 255
269 259
286 259
309 268
284 268
266 269
248 264
