287 288
294 336
304 383
313 429
330 473
356 509
393 537
436 558
483 559
530 548
574 521
615 492
644 452
660 405
664 354
663 302
661 250
310 265
326 244
352 239
378 244
405 252
483 237
509 220
538 210
569 213
594 230
447 284
449 317
450 350
452 384
424 393
439 401
459 405
478 396
495 387
348 296
363 284
383 284
405 296
385 303
364 305
503 285
522 270
542 267
561 274
546 285
526 288
412 455
430 439
449 433
464 434
482 429
505 430
533 440
510 458
488 467
469 471
453 472
433 470
422 453
450 444
465 444
484 439
523 440
485 449
466 454
451 454
