69 109
71 128
74 146
79 163
84 180
93 195
108 206
127 213
149 213
171 209
190 201
207 190
218 175
223 157
225 137
224 117
223 96
79 103
84 91
97 86
110 87
124 90
147 86
160 78
175 76
189 80
198 90
136 100
136 113
137 125
138 139
125 146
132 148
140 150
149 146
156 142
93 109
99 103
108 103
118 107
109 110
99 112
158 102
166 96
176 96
184 100
177 103
167 104
118 174
128 168
136 165
143 165
150 163
159 163
171 165
161 170
153 172
146 174
139 175
130 177
122 172
137 169
144 168
151 166
168 165
152 167
145 169
138 169
