138 182
140 221
144 260
151 296
164 331
183 363
209 390
240 411
274 415
307 411
336 391
361 367
380 337
394 303
402 267
408 230
411 192
167 191
187 182
210 184
233 193
255 203
300 202
322 192
344 186
367 186
385 197
278 222
277 248
276 275
276 301
247 301
259 309
275 315
290 310
302 302
194 212
208 207
224 209
238 219
222 222
206 221
314 221
328 211
344 210
358 216
345 224
329 225
234 340
248 333
260 331
273 335
286 331
298 334
315 341
300 351
287 354
274 355
261 355
248 351
240 340
260 339
273 341
286 339
308 340
287 340
274 343
261 341
