286 448
300 514
315 577
334 636
366 685
409 726
458 758
509 784
563 783
614 764
664 727
712 682
749 632
773 572
776 505
771 435
765 363
310 438
327 406
361 395
398 397
437 406
514 391
550 367
593 352
639 351
677 371
488 437
491 481
494 526
498 571
454 575
480 586
512 593
543 576
569 555
360 452
380 440
404 438
432 448
408 450
383 453
559 426
581 406
603 400
633 405
609 411
585 417
438 626
468 617
496 614
522 613
546 603
578 591
619 587
590 620
563 642
536 652
510 654
478 650
449 626
499 616
525 616
550 606
608 591
556 627
530 637
504 639
