97 201
101 228
108 257
119 283
131 308
142 334
154 358
168 378
194 383
225 375
257 358
287 338
313 312
327 280
330 243
328 203
326 165
99 173
104 162
115 156
130 156
143 161
165 153
184 141
207 135
232 136
254 147
156 177
154 200
153 223
151 246
145 261
154 266
165 268
177 262
189 256
115 191
120 181
131 178
144 184
133 190
122 193
197 175
204 164
218 163
232 168
220 174
207 176
146 312
151 301
159 293
169 295
180 290
198 290
218 296
203 309
190 317
177 321
167 321
157 318
151 310
161 304
171 303
182 300
211 297
185 300
174 304
164 304
