238 423
242 474
251 526
264 578
282 630
307 683
341 729
385 764
437 769
497 755
550 716
598 665
630 612
648 552
649 486
643 423
634 360
241 386
253 353
285 341
319 345
350 358
390 354
424 332
465 320
510 325
544 353
375 398
375 444
375 491
376 538
347 550
367 560
391 565
417 551
442 538
279 412
295 398
319 397
343 410
320 416
298 417
440 398
463 382
487 378
509 386
490 397
465 399
343 634
361 617
384 609
405 611
430 602
463 602
499 614
469 638
439 654
413 660
389 663
367 657
354 631
386 623
407 624
432 617
485 612
434 625
408 633
387 631
