104 146
104 163
106 182
109 199
115 216
121 233
128 247
138 258
154 261
172 258
190 248
206 235
220 218
229 200
232 181
232 160
231 141
107 135
112 129
120 128
129 130
138 135
153 135
165 130
178 127
191 128
203 135
145 146
144 160
142 174
141 189
135 195
140 198
146 199
152 197
159 194
115 147
120 143
128 143
135 148
128 151
120 151
166 147
173 143
181 142
188 145
182 150
174 150
129 218
135 215
141 214
148 216
156 214
166 214
178 216
167 225
157 228
149 229
141 228
135 225
132 218
141 219
148 220
156 219
174 217
156 219
148 220
141 219
