57 146
60 168
66 190
72 211
82 231
96 248
113 263
130 276
152 278
173 272
193 257
211 238
225 217
233 193
235 168
233 143
231 117
60 130
67 120
80 118
94 120
107 125
144 122
158 112
173 106
190 104
206 109
128 142
129 156
130 171
131 186
116 196
125 199
134 201
145 197
155 193
78 148
87 142
99 141
110 148
99 150
87 152
156 143
166 133
178 130
189 134
181 140
169 142
111 228
120 224
130 221
137 223
145 220
159 222
174 223
161 237
147 244
139 246
131 245
121 240
117 229
130 231
138 232
146 230
167 225
145 229
137 231
130 230
