79 128
79 151
78 173
79 197
86 219
99 237
118 252
139 265
164 270
188 269
209 260
226 247
238 230
246 211
250 190
253 170
257 149
100 105
113 94
130 91
148 93
165 100
192 103
210 102
227 104
241 113
248 128
178 122
178 132
177 143
177 154
152 166
162 170
173 173
183 173
193 171
120 122
130 118
142 119
151 126
140 127
129 126
198 133
209 129
220 131
228 139
218 139
208 137
129 202
145 191
161 188
171 192
181 192
194 199
205 214
192 226
177 229
167 228
156 225
142 218
135 203
160 199
169 201
179 202
200 213
178 219
168 218
158 215
