131 196
129 225
127 254
128 283
136 309
153 332
177 349
205 363
236 367
266 366
288 352
307 335
322 313
331 290
336 265
340 241
343 215
156 170
173 156
197 152
219 155
243 160
272 163
292 161
312 161
329 169
337 187
256 186
256 201
256 216
255 232
223 246
236 250
250 255
263 254
274 251
179 184
193 178
208 179
220 190
206 191
191 190
278 196
291 188
306 189
316 199
305 202
291 200
193 288
212 277
232 274
246 279
260 276
275 283
285 299
272 306
257 308
242 308
227 305
209 299
200 288
231 287
245 289
259 289
278 297
258 293
244 293
229 291
