168 283
170 322
173 360
182 397
200 430
229 457
265 476
305 490
347 494
381 488
406 469
424 442
437 411
444 380
449 350
451 319
448 290
224 248
249 234
279 229
307 235
333 248
375 250
395 240
416 234
436 237
449 251
356 277
359 298
363 319
368 341
329 364
345 366
361 370
375 367
387 363
256 279
275 272
294 272
310 284
293 286
274 286
383 287
401 277
417 277
429 285
418 291
401 290
294 414
321 404
347 396
362 401
376 396
393 404
405 415
392 433
376 439
359 441
343 440
318 433
304 415
345 415
360 416
375 415
397 416
375 414
360 416
345 415
