99 216
99 251
103 287
108 320
117 352
133 381
154 402
182 418
217 426
257 425
296 412
329 392
353 364
367 330
377 295
385 257
389 219
110 172
124 148
151 138
180 140
204 152
251 153
281 143
313 143
343 157
361 183
226 185
224 208
222 229
221 252
188 278
204 282
220 285
239 283
256 281
134 195
150 184
171 184
189 199
170 201
149 201
269 202
289 189
311 190
328 204
310 208
289 206
162 334
184 321
204 313
221 318
239 314
262 324
286 337
260 347
238 349
219 349
202 347
183 343
172 334
202 330
220 333
238 332
276 336
238 330
220 330
203 329
