286 462
285 523
292 584
307 643
330 700
359 753
400 798
444 834
500 841
564 833
629 805
696 767
754 720
792 660
810 589
816 515
817 442
294 426
317 389
357 375
403 376
447 390
505 384
556 363
610 354
666 365
712 396
476 432
473 474
469 518
464 563
434 602
455 609
478 613
505 605
531 597
340 455
363 435
397 431
429 454
397 464
363 467
559 446
588 421
624 419
656 436
627 450
591 451
409 692
432 673
456 659
480 666
502 657
543 667
592 684
547 711
509 724
484 727
460 724
436 712
423 692
458 686
482 688
505 685
575 687
506 687
483 691
459 688
