73 184
74 205
78 226
85 247
95 267
108 285
124 302
141 316
163 321
186 317
209 306
229 289
246 269
256 245
261 218
262 191
262 164
76 167
84 155
99 152
115 154
130 158
151 155
170 146
190 141
209 144
227 153
142 172
142 189
141 206
140 223
129 235
137 239
145 241
155 237
165 233
92 178
101 169
115 168
125 179
114 182
101 183
172 174
183 162
197 160
209 167
199 173
185 175
123 264
131 259
141 255
149 258
157 255
173 257
191 261
174 273
160 279
151 280
142 279
132 274
128 265
141 265
150 266
159 265
185 262
158 266
149 267
141 266
