57 104
58 121
61 138
66 154
76 169
89 179
103 186
118 192
131 191
142 188
151 178
160 168
168 156
173 142
176 129
175 115
173 101
74 88
87 82
101 80
115 82
128 88
142 87
151 83
160 81
169 81
174 86
136 99
137 110
139 123
142 135
124 141
130 143
137 145
143 143
148 140
88 99
96 96
105 96
114 101
105 103
96 103
146 101
153 95
161 95
166 99
161 103
154 103
107 162
119 157
129 155
135 157
141 155
145 156
149 160
145 165
140 169
134 170
127 170
118 168
111 162
128 160
135 160
140 159
147 160
140 160
134 162
128 161
