316 512
313 590
322 666
336 744
356 818
400 885
457 938
520 975
596 986
670 972
735 937
795 886
839 824
864 756
882 681
894 606
893 525
379 504
421 467
476 455
532 462
583 480
647 475
700 459
753 451
805 464
840 501
618 520
618 569
618 618
618 670
559 705
588 714
618 724
647 716
673 706
433 533
466 512
506 514
540 542
502 547
463 547
687 541
718 514
756 515
787 535
757 548
721 547
499 790
542 775
585 767
614 777
643 768
682 778
720 793
677 822
640 840
610 846
578 841
540 824
515 791
583 800
614 805
642 801
704 794
641 801
612 807
581 801
