562 1074
574 1224
601 1363
637 1504
707 1636
812 1744
948 1823
1099 1863
1244 1867
1373 1833
1475 1761
1566 1672
1630 1558
1664 1436
1687 1306
1693 1175
1683 1040
725 1008
812 928
933 892
1058 896
1173 927
1284 920
1375 875
1475 853
1574 873
1626 957
1241 1013
1257 1101
1273 1190
1290 1282
1144 1358
1207 1371
1272 1385
1325 1372
1369 1353
866 1053
930 1014
1000 1009
1070 1054
1004 1064
930 1069
1344 1042
1406 990
1473 988
1528 1023
1480 1044
1411 1046
1011 1529
1106 1494
1198 1470
1250 1486
1299 1473
1361 1497
1416 1526
1357 1584
1297 1614
1243 1624
1187 1618
1102 1589
1042 1528
1196 1534
1250 1539
1301 1534
1383 1531
1295 1538
1243 1547
1190 1542
