225 269
228 307
236 343
247 378
264 412
289 440
324 459
364 471
401 475
436 467
462 449
485 424
500 394
509 361
514 328
517 295
516 260
275 254
298 236
328 228
359 228
388 236
419 236
440 224
465 219
489 224
503 243
408 259
412 282
417 305
421 329
383 348
398 352
414 356
427 352
438 348
309 267
327 257
346 256
363 267
346 271
327 272
431 265
447 252
465 252
479 260
466 267
448 267
344 388
369 380
392 376
406 380
420 377
437 383
453 392
436 405
419 409
405 411
389 409
368 402
353 388
391 389
406 392
420 391
444 393
419 391
405 392
391 390
