104 233
108 254
115 275
127 296
141 315
157 331
175 346
196 356
220 354
245 344
266 327
286 307
302 283
308 256
307 226
302 198
296 170
101 214
104 196
119 185
136 181
156 181
173 171
190 157
210 149
231 148
252 157
168 195
169 206
170 218
171 231
161 252
172 252
183 250
194 244
205 239
122 220
129 210
139 206
153 209
142 213
132 218
202 190
210 180
221 176
234 178
225 183
213 187
159 294
166 279
178 270
189 268
200 263
221 261
244 264
231 288
214 302
202 308
190 311
174 308
164 292
181 277
192 274
204 269
239 266
209 291
197 296
185 298
