109 275
112 326
118 375
129 424
151 470
185 505
229 533
274 552
327 555
378 542
425 517
466 489
496 452
512 406
518 358
518 310
517 262
145 228
169 196
206 178
249 178
288 189
341 188
377 174
416 168
453 179
476 210
317 226
320 250
322 273
324 299
281 337
303 338
326 340
349 335
370 329
190 252
210 239
234 237
261 250
235 254
211 255
369 244
391 227
415 226
437 238
417 243
393 244
236 424
269 396
302 381
325 383
346 377
377 387
407 407
377 423
349 432
326 436
303 438
269 435
248 420
302 398
326 399
347 395
396 406
348 411
326 415
303 416
