92 178
93 210
97 244
102 277
113 308
132 334
157 358
185 377
216 381
250 377
282 360
312 338
334 311
347 279
353 247
356 213
358 180
110 159
128 142
153 138
179 143
204 153
237 154
262 144
287 138
314 140
334 154
218 173
217 192
217 211
216 230
189 246
202 249
216 252
231 249
245 246
134 178
150 170
167 170
184 182
166 183
149 182
254 181
272 170
289 169
305 176
290 181
273 182
154 288
176 278
200 274
216 276
233 273
258 277
281 288
259 316
234 326
216 328
197 327
174 315
161 289
200 282
216 284
233 282
275 289
233 308
216 310
199 309
