105 237
102 275
105 316
111 355
125 394
148 424
178 450
210 470
247 477
283 470
315 453
344 431
368 402
383 364
390 324
393 284
392 244
128 211
145 191
173 181
202 184
228 194
268 198
292 185
320 180
346 187
364 207
246 225
245 246
244 266
244 288
208 308
226 312
246 315
265 310
283 306
153 232
170 225
186 226
204 234
186 234
169 234
287 232
305 224
321 223
338 228
322 230
305 231
169 358
195 344
224 337
245 340
266 336
297 341
325 353
298 383
269 398
245 402
223 400
194 386
178 359
224 353
245 354
267 352
316 355
268 381
246 384
223 382
