113 228
116 253
121 278
130 303
145 326
166 345
191 360
219 367
246 366
270 358
287 343
301 324
310 301
315 277
315 253
314 229
311 208
137 198
149 184
167 178
186 178
205 183
233 178
249 171
264 166
280 167
292 178
223 199
225 210
228 221
231 233
208 254
220 254
232 254
242 251
251 248
161 216
172 210
182 207
192 211
183 214
172 215
251 204
261 199
271 198
280 201
272 204
262 205
187 299
203 281
220 273
233 273
245 269
262 274
277 288
266 306
251 314
238 317
224 318
206 313
193 298
221 283
235 282
247 280
271 287
249 299
236 302
223 302
