85 131
83 146
81 162
82 178
87 192
94 205
104 217
117 226
131 230
145 230
159 223
171 215
182 203
189 190
193 175
196 161
198 146
98 121
106 115
117 115
127 118
137 122
157 124
166 121
176 120
185 122
190 130
146 135
145 143
144 152
143 160
128 165
134 167
141 170
148 169
154 168
108 134
115 132
122 133
127 137
121 137
114 136
160 140
166 137
172 138
178 141
172 142
166 141
108 183
120 179
131 178
139 180
147 180
156 183
165 188
155 199
145 204
136 204
128 203
117 197
111 184
131 183
138 184
146 184
163 188
145 196
138 196
130 195
