214 415
205 483
200 554
204 622
225 686
260 743
305 792
361 831
421 847
482 842
544 814
598 772
641 721
669 661
685 598
696 533
705 467
270 362
306 333
356 330
403 343
447 364
523 372
565 358
609 355
651 367
674 403
480 419
476 456
472 493
468 534
403 556
430 564
459 574
489 570
517 567
316 417
346 408
375 413
402 431
371 430
341 426
540 443
570 430
598 434
622 448
597 450
569 448
321 633
372 617
421 614
453 622
485 622
528 633
566 655
522 708
476 727
441 727
405 721
360 694
335 637
417 632
450 638
483 638
552 655
480 690
446 693
412 686
