128 235
128 260
128 286
131 313
141 338
157 358
179 374
204 385
232 388
257 383
276 367
292 348
306 327
314 303
317 277
318 252
317 228
144 206
156 189
175 182
196 182
216 188
242 189
259 183
277 182
295 187
306 203
232 212
234 226
235 240
237 256
210 271
222 272
235 276
247 272
258 270
165 220
176 213
188 212
200 222
188 222
176 222
256 221
267 212
279 211
290 218
281 221
268 222
177 305
197 297
219 294
233 297
245 294
263 296
278 305
262 326
244 335
231 336
216 334
195 326
183 306
219 302
233 303
245 302
272 306
244 321
231 322
217 321
