183 178
185 205
188 231
192 257
199 283
212 305
229 321
249 335
273 338
297 333
320 321
341 306
356 283
365 257
370 230
374 202
378 174
195 162
200 144
216 134
235 134
254 139
287 139
307 133
328 133
346 141
355 158
270 164
268 180
267 196
265 213
253 229
259 232
267 234
275 232
283 229
216 173
224 165
236 164
248 172
237 175
225 176
297 171
308 163
320 164
330 171
320 175
308 174
238 268
247 264
258 261
268 263
278 261
290 264
304 269
291 276
278 276
268 276
258 276
247 276
243 268
258 267
268 268
278 267
299 269
278 267
268 268
258 267
