579 482
572 564
568 644
572 725
591 801
624 874
673 936
738 987
818 1004
897 997
964 954
1018 903
1062 843
1090 774
1108 699
1125 623
1142 546
665 484
708 450
766 444
821 456
868 480
942 487
989 473
1040 470
1088 491
1109 535
894 532
888 588
883 645
877 703
810 710
838 723
868 737
900 730
928 721
717 521
751 509
787 513
815 541
780 540
744 535
959 553
993 535
1027 536
1052 556
1024 564
991 560
740 796
786 779
829 777
863 786
896 782
932 791
959 818
924 842
886 856
851 859
815 851
777 829
758 796
825 800
860 807
893 805
943 813
890 820
857 822
823 815
