54 142
63 242
74 339
92 436
127 519
180 593
246 656
321 711
404 720
487 702
554 640
609 573
652 493
679 406
696 315
709 218
715 121
124 143
161 92
219 72
284 78
343 100
438 100
498 76
562 62
622 75
658 124
387 171
387 242
387 313
388 386
319 390
351 409
391 425
432 407
468 386
195 197
229 189
266 185
305 194
267 204
230 207
474 182
511 171
546 169
583 174
549 187
513 188
265 493
313 486
360 486
398 493
432 483
481 477
538 479
485 523
438 541
402 547
363 544
314 529
283 495
360 506
400 511
435 503
518 484
436 502
401 510
361 505
