240 406
250 455
259 503
273 550
298 590
334 621
385 639
439 649
496 648
548 640
591 623
624 594
640 554
647 508
646 462
647 417
647 372
304 339
325 308
361 288
402 283
442 291
494 288
526 275
562 274
594 287
614 313
472 327
476 348
479 370
483 393
443 438
463 440
483 441
501 438
518 434
354 351
374 333
398 328
420 345
399 349
376 352
516 339
538 323
561 322
577 338
561 342
538 341
396 521
431 494
462 479
484 483
504 478
534 490
563 515
537 525
509 528
488 529
465 529
433 528
409 519
463 502
485 503
505 501
550 513
506 505
486 507
464 506
