130 150
133 166
137 182
141 199
147 216
157 232
171 245
187 256
207 259
227 254
244 242
257 227
267 209
273 190
274 171
273 150
272 130
139 142
145 133
156 127
168 128
180 131
197 129
209 123
222 120
237 122
248 130
190 142
192 156
194 170
195 184
183 189
189 191
197 193
204 190
211 187
153 148
159 144
167 143
176 147
167 149
160 150
210 143
217 138
226 137
234 140
226 143
218 144
174 213
182 209
190 207
198 208
206 206
216 206
229 207
218 213
209 218
201 219
193 219
184 217
178 213
191 212
199 212
207 210
224 208
207 210
199 212
192 212
