68 103
68 118
69 134
72 149
79 162
91 173
104 182
118 191
134 192
148 189
157 179
165 168
172 155
175 142
176 129
177 116
176 103
87 91
94 86
104 86
113 87
123 91
143 91
151 88
159 87
167 87
172 92
134 102
135 112
136 122
137 132
122 135
128 138
136 141
142 138
147 136
97 103
102 101
109 102
114 105
108 106
102 105
146 105
152 102
158 102
163 104
158 106
152 106
103 148
114 147
126 148
134 149
142 148
150 147
158 148
151 162
142 168
134 169
125 168
113 162
105 149
126 151
134 151
142 150
155 150
142 160
134 162
125 161
