413 690
421 788
430 884
441 979
479 1065
537 1143
605 1212
684 1267
777 1279
864 1259
929 1197
986 1130
1032 1051
1056 966
1063 876
1068 785
1069 690
458 650
497 600
563 585
628 599
692 627
827 625
884 597
944 590
1003 605
1033 650
761 704
765 773
770 840
775 906
686 925
729 938
775 955
817 937
852 920
542 718
579 703
622 707
660 728
618 735
574 733
853 726
892 705
931 702
964 715
934 728
895 730
586 1011
654 997
726 997
774 1002
821 992
882 987
940 1000
891 1083
829 1121
779 1128
725 1127
650 1096
610 1015
725 1028
776 1031
822 1022
917 1006
824 1071
777 1080
725 1077
