54 159
57 182
61 204
67 226
76 244
92 260
111 271
131 280
153 281
174 276
189 265
200 250
208 232
212 212
214 191
215 170
215 147
75 136
83 124
97 119
112 120
126 126
158 127
170 119
184 117
197 121
204 131
143 149
145 164
147 179
150 193
130 203
140 205
149 207
158 203
165 200
92 157
101 151
111 151
120 157
111 159
101 159
164 155
173 149
182 147
190 152
183 155
174 156
115 230
128 220
141 215
151 216
161 213
173 216
184 225
175 238
164 244
154 246
143 246
129 243
121 230
141 223
152 223
161 222
178 225
162 232
153 234
142 233
