93 157
91 183
90 208
90 234
94 258
105 279
123 295
145 307
173 311
202 312
228 303
252 292
268 274
278 252
284 229
288 205
293 180
118 132
130 119
148 115
167 118
184 126
206 129
225 125
244 126
261 134
271 149
192 148
190 163
189 177
187 193
165 208
175 211
185 214
195 213
205 212
133 152
143 149
154 150
164 157
152 158
141 156
219 163
230 159
241 160
251 166
241 168
229 166
141 247
155 239
172 234
183 237
195 235
210 242
221 255
208 265
192 268
179 268
167 266
152 260
148 248
171 245
182 247
194 246
214 254
193 253
181 253
169 252
