54 117
57 140
60 161
66 182
75 201
90 216
110 227
131 236
153 238
174 233
189 221
201 206
208 188
212 168
214 148
215 127
215 105
76 91
84 80
97 75
112 77
125 83
159 84
171 77
184 74
196 77
203 87
143 106
145 121
147 135
149 150
131 160
140 162
150 164
157 160
164 157
93 114
101 108
111 108
120 114
111 116
101 116
164 112
173 106
182 104
190 108
183 112
174 113
116 187
128 177
142 172
152 172
161 169
174 173
184 182
176 194
164 200
154 202
144 202
130 199
122 187
142 180
152 179
161 178
179 182
162 188
153 190
143 190
