163 299
165 344
170 388
176 431
194 471
221 507
256 537
295 561
341 566
381 557
412 529
437 497
457 461
467 422
470 381
471 338
469 296
204 289
227 272
257 271
285 280
314 291
356 290
380 277
406 271
432 272
450 288
337 320
340 350
344 379
348 408
305 417
325 422
345 429
363 422
379 415
237 321
254 315
272 317
290 328
271 331
252 329
374 326
389 314
407 312
422 317
410 325
392 328
265 457
294 452
322 452
343 456
363 452
386 450
410 451
390 486
367 502
345 505
322 503
292 491
275 459
322 463
344 466
364 462
399 455
365 479
344 483
322 481
