59 95
59 110
60 124
63 138
71 150
82 159
95 167
107 174
122 176
135 174
143 164
149 154
155 142
158 130
159 118
158 106
156 95
78 84
85 79
93 77
102 79
111 82
129 83
136 79
143 78
149 78
153 83
121 94
122 102
124 110
126 118
111 124
117 126
124 128
130 125
134 123
88 97
93 94
99 94
104 97
99 99
93 99
131 98
135 94
141 94
146 96
142 98
136 98
96 139
107 136
117 136
124 137
129 136
136 136
143 138
137 148
130 152
124 152
117 152
107 148
99 139
117 139
124 139
129 138
140 139
130 146
124 147
117 146
