66 380
77 430
88 480
106 529
134 572
172 608
221 632
277 646
340 638
397 621
440 587
475 544
499 497
509 443
509 392
501 341
493 291
82 337
100 297
138 274
184 269
231 275
273 259
313 235
358 222
403 229
432 258
257 296
263 327
269 357
276 390
245 429
265 431
290 432
312 419
332 405
136 339
150 318
175 313
205 322
180 333
156 340
320 295
337 273
363 269
389 279
369 287
344 294
220 526
251 506
279 493
301 491
322 481
354 476
394 476
365 491
338 504
317 513
295 519
262 525
231 521
284 503
305 500
327 490
382 478
331 492
309 501
288 505
