70 116
70 129
71 143
73 157
77 170
86 182
96 191
108 198
123 200
137 199
150 192
161 184
170 173
176 161
179 147
180 134
181 121
76 107
83 99
94 97
105 99
116 103
131 103
142 100
154 99
164 102
171 110
123 112
122 122
122 131
122 141
111 147
116 149
122 151
128 149
134 147
89 112
94 108
102 109
108 114
101 115
94 115
138 115
144 110
152 110
157 114
152 117
145 117
98 166
108 164
116 163
122 165
128 164
136 165
145 167
135 169
128 169
121 170
115 169
108 168
101 166
116 166
122 167
128 166
142 167
128 165
121 166
115 165
