69 128
71 145
72 162
74 179
79 196
89 210
103 219
119 225
139 226
158 224
174 218
187 209
193 195
197 178
199 161
201 145
203 128
83 119
91 109
103 105
117 106
130 110
147 110
160 106
174 105
186 110
193 121
139 119
138 131
138 142
138 153
123 161
130 163
138 166
146 163
154 161
98 124
104 120
112 119
119 124
112 126
105 126
157 124
164 120
173 120
179 125
172 127
164 127
107 182
120 181
130 181
138 183
146 182
154 183
165 186
154 186
145 185
137 185
129 184
119 184
110 183
130 184
138 186
146 185
162 185
145 183
137 184
129 183
