92 166
91 189
92 212
92 235
98 259
109 281
125 298
144 310
170 316
196 315
216 303
233 287
246 268
254 248
259 226
264 205
267 182
110 159
124 148
142 146
160 150
178 159
199 161
217 156
234 155
250 162
259 175
186 173
185 189
183 204
181 220
160 227
169 232
180 236
191 234
201 231
129 171
139 167
149 168
159 175
149 176
138 175
211 181
221 176
231 178
239 185
230 187
220 185
135 253
153 255
168 256
177 260
187 259
199 261
213 264
196 266
183 265
173 264
163 262
150 260
139 255
167 260
177 263
187 263
208 264
185 260
175 259
165 257
