63 187
64 234
70 282
77 328
91 370
117 410
150 441
187 464
231 471
271 466
306 443
336 414
356 380
371 343
381 300
388 254
392 208
96 169
121 155
152 158
182 168
207 183
258 187
287 178
316 174
342 179
361 194
234 203
233 232
233 261
233 291
197 304
213 311
230 317
248 312
264 307
128 199
145 191
165 193
184 205
164 208
144 207
272 213
290 203
309 206
324 215
309 219
290 218
165 359
191 351
214 349
232 353
253 351
274 354
295 362
276 374
255 379
233 380
213 378
190 372
174 359
213 358
232 361
252 359
287 360
254 361
233 362
215 360
