132 258
124 315
118 371
121 430
142 481
173 522
216 559
262 592
314 609
364 607
406 586
447 558
478 521
500 478
517 432
529 385
537 336
206 257
243 232
292 228
338 245
381 266
415 276
457 266
498 263
535 278
546 320
392 288
390 327
388 368
386 409
321 413
346 426
373 439
397 434
416 428
247 269
274 262
300 267
324 287
296 287
268 282
432 307
459 296
483 299
500 314
479 320
455 314
255 462
301 471
340 477
363 487
384 484
408 488
435 488
399 502
372 500
350 498
326 493
292 483
266 466
336 487
360 494
381 494
425 491
377 485
355 484
332 478
