62 145
63 166
66 187
69 209
76 228
89 244
106 257
124 268
145 270
167 266
186 254
204 240
217 223
225 202
228 180
229 157
230 134
71 130
79 118
94 114
109 116
125 122
149 121
165 114
181 110
199 114
210 125
137 136
137 151
136 167
136 183
123 191
130 194
139 196
148 193
157 190
90 138
98 132
109 132
119 139
109 140
98 141
162 138
171 130
182 129
191 134
183 138
172 139
111 218
121 216
132 214
141 216
150 214
161 215
174 218
161 222
150 225
141 226
132 225
121 224
116 219
132 219
141 220
150 219
168 218
150 217
141 218
132 218
