53 130
58 147
64 163
70 178
78 193
89 205
104 213
121 218
138 218
154 213
167 204
177 192
184 177
186 160
186 143
185 125
182 109
58 121
65 110
77 104
91 104
104 107
121 104
133 96
146 92
160 92
170 101
116 115
118 127
121 139
124 151
110 159
118 160
126 161
133 157
139 153
75 123
81 116
90 115
98 120
91 123
82 124
134 114
141 107
149 105
156 108
150 112
142 114
100 183
111 180
119 176
128 177
136 173
146 172
158 172
150 178
141 181
133 184
124 185
114 185
104 183
120 180
129 179
137 177
155 173
139 176
131 179
122 179
