78 171
81 191
85 210
90 229
97 245
109 260
124 273
142 283
163 286
184 283
201 273
216 260
228 243
234 222
235 200
236 178
234 156
89 164
96 151
111 146
126 147
142 150
155 147
171 140
188 136
205 138
216 151
150 158
151 172
152 185
153 200
138 210
146 212
156 214
164 210
172 207
105 164
113 158
122 157
130 163
123 166
113 166
173 160
182 152
191 151
200 155
192 160
183 160
128 236
140 233
151 232
158 233
164 231
176 230
192 231
178 236
168 238
161 239
153 239
142 239
132 236
151 235
158 235
165 233
187 231
166 233
159 234
152 234
