51 104
53 121
56 137
61 154
73 167
89 177
107 183
126 187
142 186
153 180
158 170
163 158
166 145
168 131
167 118
166 106
163 95
85 93
93 85
105 81
116 84
127 88
144 86
150 82
156 78
162 76
166 79
138 94
141 101
145 109
149 117
131 127
138 128
144 128
148 127
151 124
98 99
104 94
111 93
117 97
112 99
105 100
143 93
149 88
155 87
158 90
155 93
150 93
116 150
128 146
138 143
143 143
147 141
152 141
155 144
152 149
149 152
144 153
139 154
130 154
120 150
138 146
143 145
147 144
153 144
148 147
144 149
139 150
