198 298
194 341
192 384
189 429
197 469
217 505
247 533
278 557
318 568
358 564
392 546
426 525
452 498
469 465
478 429
488 392
498 351
230 278
250 255
281 250
312 262
338 281
399 289
429 283
457 284
481 297
490 325
364 308
362 332
360 356
358 381
317 392
333 400
349 407
366 405
381 403
263 300
280 292
300 296
315 310
297 310
277 308
403 324
422 316
441 320
453 333
438 335
420 331
271 437
300 430
326 429
342 434
360 435
381 443
398 456
375 476
352 480
333 479
315 474
291 463
281 439
323 441
340 444
358 446
389 457
355 466
337 464
320 461
