106 182
109 203
112 225
115 247
122 267
135 285
153 298
176 306
203 308
228 305
249 293
265 277
276 256
280 233
282 210
281 187
280 164
122 165
132 153
147 150
162 155
178 159
202 156
217 148
232 141
249 141
260 151
192 168
193 182
194 195
196 209
177 220
187 222
197 224
207 221
215 218
139 180
147 174
157 173
168 178
158 181
148 182
217 174
226 167
237 166
245 170
238 174
228 175
160 252
174 245
188 242
198 242
208 240
223 242
237 247
224 255
210 260
200 262
190 261
175 258
164 252
189 249
199 250
209 248
232 247
209 251
199 253
189 252
