140 300
146 342
152 381
161 422
176 459
200 491
232 516
268 537
309 542
350 532
384 505
413 475
433 438
444 397
448 355
450 313
453 270
162 281
176 258
202 250
230 257
258 268
321 265
348 248
376 235
406 239
425 261
291 291
292 315
294 339
296 364
269 384
284 387
299 390
314 384
328 378
198 305
212 292
233 290
250 300
233 309
213 312
337 293
352 280
372 279
388 287
375 297
354 298
247 440
268 433
287 425
302 428
316 422
337 425
362 428
341 448
322 456
306 459
290 459
270 455
258 441
288 440
303 440
318 438
351 431
319 437
304 440
289 440
