81 144
83 157
85 170
87 182
93 193
102 202
112 207
124 212
137 213
150 210
161 202
171 196
179 186
183 174
183 161
182 147
182 134
88 132
91 124
99 120
108 120
117 122
140 121
149 117
158 113
168 115
173 123
130 128
130 135
131 142
131 149
122 157
127 158
133 159
138 157
143 155
100 134
105 131
110 130
115 132
111 133
105 134
146 129
152 126
157 125
162 128
157 128
152 128
114 176
120 171
127 168
133 169
139 167
146 168
154 173
147 177
141 179
135 180
129 180
121 179
116 175
128 171
134 171
139 170
151 172
140 175
134 176
128 176
