63 149
67 170
72 190
80 209
89 226
102 241
119 253
137 260
159 260
179 254
195 243
210 230
220 212
225 192
226 171
226 151
224 130
76 141
84 130
98 126
112 128
127 132
154 127
166 119
180 112
195 113
206 122
141 139
143 150
144 161
146 173
133 184
141 185
149 185
156 182
163 179
95 148
103 143
112 141
122 144
114 148
104 151
165 138
172 133
182 132
191 135
184 139
174 140
127 214
137 207
145 202
152 203
158 200
168 202
179 207
170 213
162 217
155 218
148 219
139 219
132 213
146 210
153 210
159 208
174 207
160 208
153 210
147 211
