95 162
96 185
98 207
100 231
106 253
114 273
129 287
147 299
172 305
199 305
225 299
247 287
264 268
277 246
282 220
284 193
287 167
109 144
117 128
132 120
150 120
167 124
189 124
209 120
230 120
249 129
261 145
177 141
176 156
174 171
173 187
158 201
165 203
174 205
184 203
193 202
128 152
136 147
146 146
156 151
146 154
136 155
207 151
217 146
227 148
237 152
227 155
216 154
145 242
155 233
166 228
174 229
183 228
197 234
211 242
198 249
184 250
175 250
166 250
156 248
151 241
166 234
174 235
183 234
206 242
184 241
175 242
167 241
