80 239
87 282
98 323
113 361
133 397
160 427
197 449
240 462
284 463
323 454
356 432
382 404
400 368
408 329
412 289
413 248
412 208
123 216
144 193
172 177
204 171
236 174
284 164
312 154
342 153
371 163
389 185
266 203
270 228
275 253
279 279
251 304
265 305
280 306
292 302
302 297
166 225
184 215
204 210
221 219
206 226
185 228
301 212
319 199
338 197
353 206
340 212
321 213
226 365
249 352
270 341
284 343
299 337
318 342
335 350
322 368
305 377
290 381
275 382
252 379
236 364
271 356
285 356
300 352
327 351
302 355
288 358
273 359
