101 150
101 190
105 230
110 268
123 302
144 334
175 357
206 376
239 382
269 377
294 358
318 335
336 308
348 277
357 244
363 211
366 178
150 137
169 121
195 117
221 124
242 137
279 139
301 129
323 126
345 133
355 153
262 167
262 191
262 214
262 239
227 250
240 256
255 261
269 258
280 252
176 167
191 160
207 161
222 173
206 174
189 173
287 178
302 168
318 170
329 179
317 184
301 182
198 299
219 290
238 286
251 290
265 286
277 291
285 302
276 316
264 321
250 322
236 321
218 316
206 300
237 297
250 298
264 297
279 302
264 305
251 307
238 305
