51 174
62 196
73 218
84 237
99 254
117 267
140 275
164 277
191 270
215 259
233 243
252 225
265 202
269 175
264 145
256 115
248 86
50 147
50 123
65 107
85 97
107 95
131 78
150 66
171 60
193 63
209 75
129 108
134 124
138 139
143 155
130 176
141 175
154 174
165 167
176 161
77 149
83 139
93 132
109 131
99 139
87 145
161 109
170 100
181 95
194 95
186 101
174 106
126 220
136 209
148 200
161 199
172 192
189 189
209 187
197 203
184 212
172 218
159 222
142 225
130 218
151 208
165 205
176 199
203 191
178 202
166 207
153 210
