63 173
70 235
82 298
98 357
117 413
146 460
186 498
230 531
287 539
344 527
388 493
428 450
458 398
479 341
492 286
502 227
507 171
101 157
129 130
168 120
210 121
251 136
324 133
365 118
407 113
450 122
478 152
288 172
288 218
288 265
288 310
248 324
268 334
292 341
314 332
333 321
152 173
173 152
206 152
232 177
206 187
172 188
345 176
372 150
405 148
426 168
407 184
374 185
217 396
246 389
273 384
293 388
313 383
339 385
369 394
342 414
317 425
294 429
273 427
246 418
230 397
273 397
294 399
314 395
357 395
314 400
293 404
273 402
