91 189
98 214
108 238
120 261
135 282
154 300
177 314
204 323
234 320
262 311
283 293
299 270
308 243
311 215
309 186
303 156
295 127
100 176
106 161
121 150
139 144
157 145
186 133
204 121
224 116
244 118
260 128
177 158
183 178
188 197
193 217
178 231
189 232
201 233
211 226
220 219
124 181
132 174
143 169
157 172
147 177
135 181
208 157
218 148
230 144
242 145
233 151
221 155
172 262
182 256
194 251
206 251
217 245
234 241
251 240
241 255
228 264
215 268
203 270
189 270
178 261
196 258
209 256
220 252
246 242
223 253
211 257
199 259
