80 207
87 263
101 319
122 370
146 416
173 456
207 487
248 511
294 514
338 503
376 474
405 436
427 392
440 342
446 292
450 237
447 184
116 221
134 194
165 182
199 182
232 194
289 184
319 167
354 160
388 166
412 189
264 225
266 264
268 304
271 343
239 350
255 358
275 363
293 353
309 342
155 227
171 213
196 212
218 228
197 236
172 238
313 221
333 200
359 196
378 207
362 221
337 224
224 413
243 403
262 398
280 400
296 393
318 391
340 396
324 415
305 425
286 429
267 429
246 425
233 411
263 406
281 407
298 401
333 396
301 403
283 407
265 408
