86 81
83 113
80 145
76 178
78 211
89 244
107 271
132 296
163 308
198 308
226 294
248 272
266 244
276 211
283 181
292 151
298 121
122 68
137 54
159 53
180 61
199 72
217 79
238 77
259 80
276 91
283 109
205 93
202 111
201 128
198 147
173 159
182 166
192 171
203 170
212 168
142 85
154 79
167 82
178 94
165 93
152 92
223 107
236 100
250 105
258 116
246 116
234 112
149 203
167 193
181 191
189 195
198 195
210 204
219 220
204 228
190 228
180 225
172 222
161 216
155 202
179 198
187 202
196 203
212 217
193 218
183 218
176 214
