73 131
74 150
77 169
78 189
82 208
90 225
103 236
121 245
141 247
164 245
184 238
200 227
211 210
216 190
218 169
218 149
218 128
83 118
86 104
98 96
112 95
124 99
146 98
160 94
176 95
189 103
195 117
135 113
134 125
132 137
131 149
120 160
126 163
134 165
142 162
150 159
98 124
103 120
110 119
119 122
111 125
103 125
156 121
164 118
172 118
179 122
172 124
164 124
110 186
119 181
127 179
135 180
144 179
154 180
168 187
156 190
145 190
136 190
128 190
120 189
114 185
127 183
135 183
144 182
164 185
145 185
136 185
128 185
