55 158
53 186
54 214
59 242
66 270
79 297
97 320
122 339
156 344
192 341
224 327
252 308
273 282
285 254
291 223
292 191
293 159
65 130
75 113
95 105
116 107
135 115
176 116
199 110
222 108
245 115
260 132
155 145
154 167
153 187
152 209
124 221
138 225
153 230
170 226
185 221
83 150
95 142
109 143
123 152
109 153
95 153
193 152
206 144
221 145
234 152
221 155
207 154
105 264
122 253
140 248
155 252
170 248
191 253
211 264
191 280
171 286
154 288
138 286
121 280
114 265
140 264
154 265
170 264
202 264
170 266
154 267
139 266
