79 188
84 211
91 232
100 252
111 271
126 287
146 298
171 305
198 303
225 297
247 284
265 268
276 248
280 224
277 198
273 174
269 150
90 153
97 135
113 124
133 121
150 125
179 118
195 110
213 107
231 111
243 125
168 145
171 159
173 173
175 187
155 205
167 207
180 208
192 202
203 197
111 163
120 154
133 150
145 156
135 159
123 163
198 146
208 137
220 135
231 141
222 145
210 145
149 255
158 237
173 226
184 227
194 223
210 228
225 240
214 250
201 257
189 260
178 262
162 261
156 252
174 242
185 240
196 238
217 240
197 240
187 242
176 244
