170 357
175 408
184 456
199 505
219 548
250 588
285 622
327 648
378 650
429 640
469 609
502 570
530 525
545 477
550 424
548 371
544 318
187 313
201 282
235 269
268 276
299 287
358 280
390 264
425 256
459 262
484 284
335 323
337 359
340 394
343 431
302 453
325 458
349 464
372 453
394 445
222 342
240 328
264 326
287 341
264 346
241 348
394 331
413 314
438 312
460 323
441 332
417 333
283 531
303 508
331 498
355 501
379 492
411 497
435 516
417 545
389 565
362 570
336 571
308 559
295 531
332 521
356 521
382 516
423 516
384 531
358 537
334 537
