400 1034
403 1255
421 1476
458 1701
541 1911
686 2084
872 2216
1073 2316
1310 2348
1526 2324
1690 2212
1813 2062
1909 1889
1976 1698
2027 1504
2063 1310
2074 1117
647 799
762 672
934 624
1110 647
1272 717
1482 748
1635 713
1792 724
1927 793
1993 933
1373 911
1373 1046
1376 1172
1380 1307
1142 1444
1246 1480
1357 1512
1462 1489
1557 1464
801 943
906 898
1017 903
1107 974
1005 986
896 981
1575 1016
1681 967
1784 980
1863 1046
1777 1064
1674 1046
987 1821
1131 1716
1272 1663
1363 1697
1452 1677
1559 1749
1645 1872
1546 1937
1437 1958
1340 1956
1243 1945
1115 1909
1048 1818
1264 1786
1357 1797
1448 1798
1590 1856
1442 1820
1349 1818
1256 1806
