96 176
91 232
93 291
102 348
116 403
137 456
163 503
202 535
261 545
324 542
380 520
427 485
462 442
488 392
506 338
514 284
522 227
135 117
156 91
192 85
227 94
256 115
324 122
360 112
400 109
437 124
459 154
285 168
281 205
275 242
270 280
219 302
244 311
271 320
301 315
330 310
157 172
177 160
201 163
227 178
200 181
176 180
352 188
375 176
400 182
423 196
399 199
374 195
188 399
212 370
245 358
269 366
293 361
328 379
355 415
322 437
287 445
261 445
235 441
207 427
202 397
243 391
267 394
291 395
339 410
288 404
264 405
240 401
