62 98
62 112
64 126
66 140
72 153
81 164
92 174
105 180
121 181
134 179
146 171
156 162
163 151
166 138
168 124
169 110
168 96
73 82
79 75
88 74
97 76
105 80
124 78
132 75
141 74
149 76
155 81
116 91
116 101
117 110
117 120
104 125
110 127
118 128
124 126
131 124
83 94
88 91
95 91
102 95
95 96
89 96
130 94
136 90
143 90
148 94
143 95
136 95
95 145
103 139
111 137
118 138
125 137
133 138
140 143
134 151
127 155
120 157
112 156
103 154
98 145
112 143
118 143
125 142
136 143
126 147
119 148
112 148
