65 168
62 191
60 214
61 238
63 261
72 283
89 300
110 314
136 321
162 320
189 312
213 302
231 286
242 265
248 242
253 219
257 196
82 145
95 134
112 132
130 137
145 146
176 151
193 146
212 146
228 152
239 166
157 173
155 184
153 194
150 204
129 220
138 223
148 226
159 226
169 225
98 169
109 165
121 167
131 176
119 177
107 175
183 183
195 177
207 178
218 185
207 188
194 186
110 259
124 249
137 244
146 248
155 247
168 256
180 270
165 279
151 280
141 279
132 276
120 270
117 259
136 258
145 260
154 261
173 268
153 262
143 261
134 259
