54 128
52 142
53 157
57 171
62 185
69 197
78 208
89 217
105 220
123 217
140 211
157 201
170 189
178 172
181 153
182 134
181 116
53 105
58 97
66 94
75 94
84 97
109 93
121 89
133 87
145 89
156 95
97 112
97 120
96 127
95 135
85 147
91 149
98 150
106 147
114 145
62 121
68 115
76 115
84 120
76 122
68 123
119 116
127 110
135 108
143 112
137 116
128 117
76 175
83 167
92 163
99 164
107 162
120 164
134 170
122 184
110 189
101 191
93 190
85 186
81 175
93 171
100 171
108 170
130 171
109 180
100 182
93 181
