149 203
144 235
142 267
142 298
147 329
159 356
178 377
202 394
231 402
261 402
292 391
321 377
344 357
358 331
366 303
374 275
380 247
173 174
190 161
212 160
233 168
250 181
296 190
316 186
337 189
355 198
365 215
270 214
267 229
263 244
260 261
231 273
242 278
254 283
268 283
282 283
193 205
207 201
221 205
233 216
218 216
204 213
301 230
316 223
330 226
340 236
329 238
314 235
199 314
219 305
238 303
249 309
262 309
278 319
292 334
271 345
253 346
239 344
227 340
212 332
206 316
235 318
247 322
260 324
283 333
256 328
243 326
231 322
