59 141
65 160
70 178
77 196
87 213
102 225
121 232
143 237
165 235
185 226
201 213
215 197
222 179
223 158
220 138
216 120
212 102
67 113
74 101
86 93
101 89
116 90
145 83
156 75
170 72
184 73
196 80
134 105
137 113
139 122
142 131
126 148
136 148
146 148
155 143
164 139
84 124
92 118
101 115
111 118
102 122
93 124
159 107
166 100
175 97
185 98
177 102
169 105
110 186
124 174
139 167
150 165
159 161
175 161
191 166
182 185
168 195
157 199
146 201
128 199
116 185
141 175
151 173
161 170
186 169
164 184
154 188
143 190
