149 339
143 384
141 429
145 476
155 522
175 564
202 601
235 632
283 649
337 649
389 634
437 608
477 572
505 523
520 470
529 414
536 359
159 291
178 268
207 258
238 260
267 272
343 276
379 268
417 270
450 282
476 307
301 328
297 352
292 374
287 397
249 425
269 430
289 437
313 434
335 432
187 329
208 316
234 320
255 343
229 343
203 340
358 348
384 329
411 329
435 344
412 351
385 352
207 489
231 464
265 456
287 462
312 460
354 474
392 504
352 547
309 560
283 560
259 555
228 533
219 490
264 475
287 478
311 478
380 503
310 538
285 538
261 531
