115 177
119 201
125 225
135 246
153 262
175 272
198 279
221 284
240 283
255 273
263 259
269 243
273 227
276 211
278 195
275 178
269 162
150 150
161 139
176 133
193 132
209 135
237 132
244 126
252 124
259 124
264 129
226 156
230 165
235 173
241 182
219 201
228 201
237 201
243 199
249 196
168 166
179 159
190 159
200 165
191 168
179 170
237 161
244 152
254 150
261 156
256 161
246 162
204 239
220 227
233 219
241 219
249 216
257 221
261 230
258 242
251 247
243 250
235 251
221 250
210 238
234 232
241 230
249 229
256 230
249 233
242 235
234 236
