75 174
81 196
89 220
98 242
111 261
130 277
151 289
175 297
201 294
224 283
244 267
263 248
276 225
281 200
280 172
275 145
270 118
77 151
82 138
94 132
109 130
124 131
167 116
182 106
198 98
214 96
231 99
154 143
157 156
159 169
162 182
147 200
158 200
170 200
181 193
191 187
96 167
104 157
117 154
131 159
120 165
106 169
185 142
194 130
208 126
221 129
213 136
199 141
139 237
152 225
165 217
176 215
187 210
206 208
226 209
214 228
199 239
187 244
176 247
159 247
144 236
168 227
178 223
191 219
220 211
195 226
182 232
172 234
