60 172
56 200
54 229
55 259
60 287
73 314
91 336
116 354
149 361
184 360
217 349
247 333
270 311
283 283
290 252
293 221
296 190
68 145
82 130
102 128
122 133
142 142
188 142
210 134
233 132
255 139
270 155
162 167
160 182
157 197
155 213
128 230
140 235
154 240
171 237
186 234
87 172
99 165
114 166
129 175
114 177
98 176
200 178
216 170
231 171
245 179
232 182
216 181
103 275
122 265
141 261
154 264
168 262
190 269
212 282
189 296
167 301
152 300
138 299
120 292
111 276
140 274
153 276
168 276
204 282
168 284
153 284
139 283
