51 110
52 128
53 146
56 164
62 181
71 195
85 207
103 214
123 216
143 213
160 205
174 193
183 178
187 160
189 142
189 124
189 106
62 102
70 93
83 92
96 95
109 100
132 98
144 91
157 87
170 89
179 97
120 111
120 122
120 132
121 143
104 150
112 154
121 156
130 153
138 150
74 116
82 112
91 112
101 118
91 120
82 120
140 116
149 110
158 109
166 112
159 116
149 117
92 173
104 169
114 167
122 168
129 166
140 167
153 170
141 178
131 182
122 183
114 183
104 180
97 173
114 173
122 174
130 173
148 171
130 173
122 174
114 174
