55 129
59 143
63 158
69 173
77 184
90 194
104 202
120 208
137 206
153 199
166 188
178 175
186 160
189 144
188 126
183 109
180 91
56 111
59 103
67 99
76 98
85 98
116 89
125 82
135 77
145 76
156 79
106 107
108 115
109 124
111 133
101 144
109 144
117 145
124 139
131 135
69 123
74 116
83 115
92 118
84 122
76 124
126 107
132 99
141 96
149 98
144 103
135 106
96 168
105 160
114 155
120 154
128 150
140 148
154 149
146 162
136 170
128 173
121 176
109 176
99 167
115 162
122 160
130 157
150 151
133 161
125 165
118 166
