111 234
116 269
124 305
136 338
153 367
180 389
212 405
248 416
283 416
315 406
339 385
357 359
370 330
375 299
374 265
372 231
366 198
139 195
153 179
174 172
197 174
218 182
278 177
297 163
317 156
337 158
352 170
254 209
258 228
262 247
266 266
237 286
252 290
268 292
281 286
292 280
167 229
181 219
200 217
217 225
200 233
182 235
289 216
305 205
322 202
336 208
325 218
307 219
218 346
239 328
258 315
270 316
282 311
299 317
319 329
306 347
292 355
278 358
264 360
244 359
228 345
259 334
272 332
284 329
310 331
287 331
275 335
262 336
