178 124
176 149
177 174
181 197
192 218
208 236
228 250
250 262
273 265
292 261
307 247
319 232
327 215
332 198
336 181
339 163
341 146
218 116
229 104
246 99
263 102
278 111
301 113
313 108
325 110
335 116
338 128
289 131
290 145
291 159
292 173
268 179
277 184
285 188
293 186
298 182
238 130
247 126
257 126
263 133
255 135
245 134
301 138
310 133
318 134
324 140
318 142
310 141
242 206
256 200
270 200
278 203
286 202
294 204
301 209
292 220
284 225
275 226
266 225
253 219
246 206
269 205
278 206
285 205
297 209
284 217
276 219
267 218
