108 236
104 275
100 316
101 356
110 396
130 430
157 458
190 480
230 489
272 488
308 471
340 449
368 423
386 391
397 356
406 318
413 279
138 201
157 174
189 166
221 176
248 196
287 197
320 190
353 190
382 207
394 239
268 233
265 252
262 270
258 290
224 313
238 319
253 325
269 324
284 324
167 234
183 225
202 229
219 244
200 244
180 241
308 255
327 244
346 250
359 264
344 265
324 262
181 372
207 359
232 356
248 361
265 360
288 370
306 390
283 408
258 415
240 414
222 411
201 400
191 374
230 372
246 375
263 377
295 387
261 394
243 394
226 390
