96 196
89 259
87 321
92 383
113 439
146 494
186 547
235 592
296 608
357 607
410 577
453 537
492 492
522 441
540 387
552 329
560 272
141 165
171 126
221 113
271 128
314 158
392 167
439 152
486 153
529 176
547 218
348 212
344 246
340 280
336 316
279 341
303 349
326 358
349 357
372 357
187 203
214 188
248 193
274 220
243 221
210 217
411 239
444 220
476 223
499 245
474 252
441 247
212 420
250 403
290 401
316 410
344 409
382 422
418 450
375 486
336 496
305 493
276 487
241 465
228 422
287 428
314 434
343 435
400 447
340 458
311 457
283 450
