268 844
304 948
343 1051
387 1147
454 1229
541 1298
639 1360
759 1398
893 1383
1016 1339
1110 1256
1174 1153
1215 1042
1217 916
1195 793
1169 667
1144 550
299 719
321 624
392 568
481 554
572 564
715 510
791 448
882 409
980 425
1040 501
683 649
704 702
724 755
744 814
678 915
727 911
777 904
816 881
853 862
422 770
457 724
516 703
572 726
530 756
471 774
830 652
873 602
927 580
975 599
945 633
889 649
654 1133
702 1072
754 1026
798 1022
834 999
901 1006
977 1025
931 1101
880 1138
836 1153
790 1166
727 1168
684 1123
764 1074
808 1064
849 1046
949 1030
858 1072
817 1090
772 1097
