51 108
53 123
55 138
60 154
67 167
76 180
88 190
102 198
118 198
133 195
147 186
159 174
168 160
173 146
176 130
176 113
176 96
57 98
61 86
72 81
84 82
95 88
113 86
125 79
138 75
151 78
159 89
107 101
107 109
107 116
108 124
99 137
104 137
110 138
115 136
121 135
70 106
76 101
84 100
91 106
84 108
76 109
125 104
132 97
140 96
147 101
141 104
133 105
91 160
99 154
106 150
111 151
117 149
126 152
136 157
127 164
119 167
113 168
107 168
100 166
95 159
106 156
112 156
118 155
132 157
118 160
113 161
107 160
