309 729
322 830
342 933
373 1033
414 1129
473 1212
552 1282
650 1330
754 1334
854 1315
937 1261
1007 1182
1054 1088
1083 983
1093 871
1095 761
1087 652
339 688
376 604
454 570
540 585
619 619
731 609
814 562
903 535
991 556
1035 633
694 671
700 725
706 780
711 839
630 904
673 914
717 919
756 905
793 891
441 721
476 689
529 686
578 715
532 732
480 736
808 696
853 658
905 654
946 676
913 697
860 703
590 1065
638 1025
686 1004
723 1008
763 998
818 1009
876 1032
830 1085
781 1111
739 1120
699 1123
647 1109
614 1061
690 1033
727 1033
769 1023
853 1032
773 1060
730 1070
693 1070
