57 177
59 209
63 243
71 276
86 308
105 335
129 359
160 378
199 380
240 369
274 347
299 318
318 286
328 251
331 213
329 176
327 139
56 142
66 116
92 108
118 113
144 124
186 117
214 101
243 91
274 94
294 118
170 147
171 166
172 184
172 204
149 225
162 227
178 229
193 224
208 218
87 169
99 156
117 153
133 162
117 168
100 171
216 153
232 141
249 140
263 149
251 155
233 155
135 288
155 273
171 264
185 265
198 260
220 264
247 275
225 293
205 300
190 303
176 304
158 302
145 287
173 278
186 277
200 274
237 275
202 279
188 283
174 283
