80 180
79 229
82 278
88 325
102 373
129 413
166 444
209 469
257 476
300 469
333 441
361 410
381 374
394 335
403 295
408 256
411 216
140 151
167 135
200 136
230 145
257 160
311 163
338 154
364 150
389 154
402 175
284 194
284 224
285 253
285 284
240 298
258 306
277 315
294 310
308 302
177 186
195 179
215 182
230 196
212 198
192 195
318 205
338 194
356 195
369 207
356 212
338 211
197 358
228 352
255 350
270 355
285 352
303 357
320 363
301 379
282 384
266 385
250 382
224 376
206 359
253 360
269 362
284 361
310 363
283 368
268 370
252 368
