102 173
100 204
99 235
99 266
103 297
115 326
135 349
162 367
196 374
230 373
258 359
281 339
296 315
306 289
313 261
318 235
323 207
132 155
148 144
169 145
189 149
207 157
239 162
260 160
279 160
298 165
308 179
220 175
218 194
215 212
212 231
189 246
198 251
209 256
219 254
229 251
151 173
163 168
176 170
187 179
174 180
161 179
248 187
262 182
275 184
283 193
273 195
260 193
162 292
180 289
195 287
205 291
216 290
230 295
242 301
227 309
212 310
201 309
190 308
176 304
168 293
194 295
204 297
215 296
236 300
214 299
203 299
193 297
