54 163
56 195
61 227
66 257
77 286
97 308
125 325
157 337
187 337
215 332
240 314
260 293
273 269
279 240
282 213
285 186
286 158
82 152
98 138
121 134
145 136
168 142
191 139
212 135
233 133
254 137
268 149
181 157
183 174
184 192
186 211
161 225
172 227
184 229
195 226
205 223
110 163
123 157
135 156
148 163
136 166
123 167
208 161
220 154
233 154
244 160
234 163
221 163
136 267
153 255
172 250
184 253
196 249
210 253
222 262
211 272
197 278
185 281
172 281
154 277
143 266
172 260
184 261
196 259
215 262
196 264
184 267
172 266
