273 131
271 159
269 187
271 216
280 242
295 265
316 284
342 298
368 304
393 301
413 290
429 272
440 251
447 228
453 204
456 181
459 158
311 118
323 106
341 101
360 105
377 113
405 120
422 117
438 118
453 127
457 143
390 135
390 150
390 165
390 181
366 191
375 195
384 199
392 198
400 195
328 131
339 125
351 126
360 136
349 138
337 136
407 145
419 137
431 139
439 149
430 151
418 149
337 232
353 222
370 219
381 222
391 221
402 227
409 241
398 248
388 248
376 248
365 247
350 243
342 231
368 227
380 229
390 229
403 238
389 237
378 238
367 236
