183 306
167 367
155 426
153 488
165 550
187 606
224 655
269 699
326 724
387 728
438 702
486 674
524 636
549 588
566 538
582 487
597 433
263 308
295 289
334 287
370 300
407 317
479 344
517 341
552 349
581 369
591 403
432 375
425 406
417 437
410 470
354 482
374 493
395 505
418 506
440 504
304 346
329 342
353 346
368 364
345 364
321 358
475 396
502 391
526 399
541 418
520 420
495 410
288 543
320 535
357 537
382 549
405 549
432 562
452 588
420 608
389 612
365 608
337 599
308 577
302 546
352 554
378 563
400 566
439 585
396 583
372 580
346 571
