99 244
97 275
98 307
101 338
108 371
119 402
137 429
160 450
197 458
238 458
278 445
316 424
345 393
365 357
375 318
378 276
379 234
101 226
108 208
128 201
150 203
173 210
209 210
238 204
267 202
297 208
320 225
191 235
188 259
184 283
181 307
164 323
175 328
188 332
204 327
221 323
124 239
137 230
154 230
171 243
153 246
136 246
237 243
252 231
271 232
287 241
272 247
254 247
150 372
160 360
177 357
193 361
210 358
234 361
259 375
235 392
211 400
193 401
176 398
160 389
159 373
177 369
193 371
210 370
248 374
210 382
193 383
176 379
