76 164
74 192
73 218
74 246
81 272
95 294
114 313
136 328
162 334
190 333
213 322
234 306
250 286
260 261
265 237
269 212
272 186
99 148
110 136
128 132
145 136
161 142
198 148
216 143
234 143
251 151
259 165
178 166
177 183
175 199
174 217
153 227
162 230
172 234
183 232
192 230
117 163
128 157
140 158
151 169
139 170
126 169
201 174
214 166
227 167
237 176
226 179
213 177
126 257
141 251
158 250
170 253
182 252
198 256
213 263
196 275
180 279
167 279
155 277
139 271
132 257
157 259
170 261
182 261
206 264
181 266
169 266
156 265
