142 222
135 268
132 315
136 365
152 413
180 456
208 497
241 530
282 542
316 531
336 497
358 463
386 432
407 400
426 367
437 334
442 298
203 246
234 234
268 234
302 244
330 261
369 267
392 259
416 259
438 262
449 276
345 288
343 321
341 354
339 387
278 380
301 392
328 405
353 398
373 387
229 273
252 274
272 277
292 284
269 284
248 280
373 295
396 294
413 296
427 302
410 303
392 299
210 393
251 401
293 409
316 417
339 414
364 412
384 412
359 461
330 486
306 488
279 482
242 450
220 401
289 421
314 427
336 425
375 419
334 457
310 460
285 453
