107 194
113 226
120 257
131 287
148 314
171 337
198 355
228 366
260 365
289 354
306 332
318 306
326 278
329 249
329 219
326 190
321 163
142 173
153 156
170 146
190 144
209 148
249 143
263 132
279 128
295 132
305 145
232 172
237 192
241 211
246 231
220 251
234 252
248 253
259 247
268 241
167 190
178 182
191 178
202 185
193 190
179 193
257 176
268 165
280 163
290 168
283 174
270 176
203 293
221 283
237 276
251 276
262 270
276 270
289 274
281 291
270 303
257 308
244 310
225 306
211 293
239 288
252 286
264 282
282 276
266 286
254 291
241 292
