126 282
130 351
140 419
156 487
181 554
219 615
263 672
315 720
381 735
448 717
500 664
545 604
583 541
605 477
618 410
627 344
631 279
162 270
189 227
239 206
294 203
347 218
418 214
470 198
523 199
572 219
598 263
381 260
379 310
378 359
377 410
311 428
344 435
378 444
412 432
446 421
225 280
252 267
282 264
312 278
281 283
251 285
453 274
484 259
514 259
540 272
513 278
484 277
245 489
293 485
344 483
381 490
419 480
468 478
519 481
472 549
423 581
383 588
343 584
293 553
259 495
344 499
381 504
420 497
505 488
422 546
383 555
344 548
