125 291
128 341
136 391
147 442
167 489
199 533
232 575
272 608
319 615
364 603
396 568
423 525
448 483
465 437
476 389
484 341
485 293
159 271
183 244
220 232
257 233
294 245
344 243
378 230
413 228
447 239
468 266
319 276
318 311
318 346
318 382
280 405
299 411
320 416
340 409
359 402
200 286
220 272
245 271
266 285
243 291
219 294
369 281
388 266
412 267
431 280
413 287
390 286
246 482
275 474
303 466
323 470
343 462
367 465
396 470
371 491
348 505
326 511
305 510
277 502
259 483
304 484
324 485
344 480
383 473
345 477
325 482
305 481
