78 157
80 187
85 216
92 247
101 276
118 304
141 328
166 347
198 352
229 344
252 322
271 296
285 269
293 240
298 212
301 184
301 157
94 147
108 128
130 120
154 120
178 125
215 122
237 116
260 115
282 123
293 142
197 148
197 170
196 193
196 216
170 229
183 232
198 236
211 231
225 227
122 157
134 150
149 149
163 156
149 159
134 160
229 153
241 144
256 145
268 152
257 155
242 155
144 270
165 264
184 260
198 264
212 258
229 261
247 264
231 277
214 287
199 290
184 290
165 283
151 271
184 272
198 274
213 271
240 266
212 270
198 273
184 272
