75 170
78 205
83 240
90 275
105 307
128 336
156 360
184 379
217 382
249 373
273 349
293 321
309 290
318 258
323 223
326 189
327 156
102 157
115 139
136 129
159 127
183 131
223 127
246 119
270 119
292 127
306 143
204 153
205 175
206 196
206 218
179 235
193 237
208 240
222 235
236 231
131 166
143 157
158 155
171 163
158 166
143 168
238 158
251 148
266 147
279 154
267 159
252 159
149 279
167 266
190 261
208 264
223 259
246 261
268 270
248 297
227 310
210 314
191 313
168 303
155 280
191 272
208 273
224 270
261 272
226 292
209 297
191 296
