127 269
129 310
132 355
141 400
154 444
178 486
208 524
244 552
291 560
341 550
384 519
418 483
446 442
462 400
471 354
475 310
479 265
149 233
166 205
197 188
232 184
264 192
321 191
354 181
391 183
425 200
443 230
290 226
288 253
287 280
285 310
247 336
266 341
288 346
311 338
332 332
186 244
204 230
226 229
245 242
224 243
204 244
342 239
362 225
384 225
402 237
383 239
363 239
207 403
232 380
265 371
291 374
317 368
353 374
386 394
356 432
320 453
292 457
264 455
232 439
216 404
265 386
292 387
318 383
376 395
319 430
292 435
265 433
