295 960
301 1067
317 1187
342 1311
386 1429
449 1538
531 1636
623 1699
754 1694
912 1665
1054 1599
1194 1518
1323 1422
1389 1289
1404 1133
1396 977
1389 819
268 813
289 729
356 673
445 648
539 645
672 609
780 565
902 556
1015 596
1101 671
608 739
602 818
593 898
583 980
514 1103
569 1109
634 1111
706 1082
775 1052
364 857
399 797
460 778
528 804
475 829
416 849
799 742
854 687
924 682
993 718
932 732
863 738
489 1357
530 1277
591 1229
646 1231
705 1199
813 1213
934 1248
840 1299
754 1335
690 1354
632 1369
559 1374
518 1344
603 1296
657 1285
718 1264
897 1253
731 1263
670 1286
615 1299
