80 250
84 318
95 384
110 452
130 518
163 581
205 637
260 673
334 678
409 671
464 635
507 581
541 519
562 453
578 387
590 322
594 256
127 196
163 159
213 139
265 140
317 152
383 153
435 142
485 143
532 163
561 202
348 199
347 243
346 287
345 333
281 376
311 382
342 389
373 381
403 373
184 224
211 205
244 203
272 219
243 225
211 228
418 219
448 201
480 205
506 223
479 228
448 224
223 488
265 463
308 449
340 457
373 448
414 459
456 482
415 506
374 521
339 526
306 524
264 510
242 489
307 481
340 483
373 479
438 484
373 481
340 487
307 484
