47 140
49 162
54 182
63 204
73 224
85 243
101 260
120 273
142 273
167 267
192 252
215 234
232 213
241 188
244 161
241 133
236 106
45 110
52 99
66 95
81 95
96 99
123 93
138 82
157 75
176 74
193 82
112 116
112 135
112 154
111 173
102 186
110 189
120 191
130 186
141 181
63 129
69 122
80 120
92 124
81 128
71 130
146 115
153 106
165 103
178 106
168 111
156 113
100 221
108 218
117 213
125 214
132 209
148 210
165 211
152 225
140 234
131 237
122 237
111 232
105 222
119 220
127 220
135 217
158 213
136 220
128 223
120 223
