186 366
189 442
198 516
217 592
249 660
292 724
346 772
409 808
482 811
553 798
606 756
656 701
695 642
723 574
737 500
739 426
735 354
227 294
260 242
318 225
376 230
431 247
502 243
554 219
609 211
663 221
694 268
471 319
471 377
471 432
472 489
403 530
437 539
473 546
508 535
542 524
282 342
311 320
348 318
379 339
347 348
310 351
557 331
586 305
622 303
650 321
624 333
589 334
369 647
405 622
446 609
475 615
504 604
540 613
572 631
543 673
511 697
480 705
448 703
408 683
386 645
446 638
477 641
505 635
557 632
507 656
478 663
448 660
