47 126
48 148
50 169
53 190
59 209
70 226
83 241
100 253
119 257
139 255
158 245
175 233
188 217
197 200
203 181
207 161
211 140
61 110
70 101
84 98
99 100
112 107
144 108
158 104
173 104
187 109
195 121
128 128
126 144
124 160
122 176
106 183
114 186
122 189
130 187
139 185
77 127
85 122
95 124
104 130
94 132
84 131
152 133
161 127
170 128
178 134
170 136
160 135
96 210
107 208
115 207
122 209
128 208
137 210
147 213
136 218
128 221
121 221
115 220
106 217
101 211
115 212
121 213
128 213
142 213
128 212
122 212
115 211
