78 192
81 228
85 261
92 296
105 327
125 354
151 374
181 389
211 392
240 385
268 369
293 349
312 323
324 293
330 261
333 229
335 195
104 160
118 143
138 137
161 139
180 148
237 146
255 137
276 134
296 140
309 155
208 174
208 199
208 222
208 247
181 261
194 264
208 268
222 263
235 258
129 182
141 175
155 175
169 182
155 184
141 185
245 180
257 173
271 172
283 178
271 181
258 181
162 308
179 300
196 295
209 296
223 293
238 293
254 299
241 318
226 326
212 329
198 329
180 323
168 308
196 300
210 300
223 298
248 300
226 313
212 316
198 316
