165 594
193 695
229 787
268 872
323 953
395 1020
478 1072
569 1105
652 1098
727 1062
785 994
835 911
871 822
886 729
883 635
873 539
857 441
220 546
250 482
314 449
387 440
462 449
577 423
627 386
687 368
749 376
791 417
526 504
539 579
553 651
568 726
511 774
545 776
581 778
611 759
640 739
313 567
342 540
384 530
430 545
393 561
351 572
624 504
655 470
695 459
729 469
705 489
665 499
492 906
533 881
573 857
603 854
626 840
670 835
716 835
690 908
656 949
628 964
598 969
551 956
516 905
581 876
608 870
633 857
695 847
643 907
617 921
587 924
