204 1265
229 1532
294 1802
416 2052
583 2278
787 2473
1004 2634
1227 2781
1480 2807
1745 2736
1992 2552
2222 2329
2402 2084
2510 1810
2541 1519
2508 1203
2463 891
271 1083
368 967
534 941
720 965
895 1025
1178 971
1366 856
1586 788
1809 793
1992 882
1104 1198
1115 1410
1124 1625
1135 1843
949 1889
1064 1947
1195 1975
1333 1909
1454 1835
515 1256
614 1213
730 1209
861 1250
746 1275
623 1285
1430 1169
1521 1093
1646 1079
1779 1090
1672 1139
1553 1163
903 2157
1026 2123
1149 2101
1250 2107
1371 2063
1560 2039
1739 2027
1634 2246
1480 2367
1346 2404
1225 2405
1076 2341
965 2174
1165 2149
1268 2143
1391 2112
1684 2059
1441 2245
1311 2278
1199 2274
