41 111
41 127
43 143
47 158
53 172
63 184
74 195
86 202
101 204
115 200
126 192
136 181
145 169
150 155
154 140
155 126
155 112
51 103
58 95
69 92
80 92
91 96
109 96
119 92
131 91
141 94
147 102
101 108
102 117
102 125
103 135
85 141
93 144
102 146
110 143
118 141
62 111
70 109
77 109
84 112
77 113
69 112
116 112
124 109
131 109
137 111
131 112
124 113
72 160
82 155
94 152
101 154
109 152
119 154
128 159
119 171
109 177
101 178
93 178
81 173
75 160
94 157
101 158
109 157
124 160
109 170
101 171
93 171
