78 161
76 185
75 211
79 237
88 261
103 281
122 299
145 312
172 314
197 309
220 296
239 279
254 260
262 238
265 214
267 193
267 171
96 142
110 133
127 132
144 133
161 138
194 139
209 136
225 138
239 140
251 150
177 159
176 174
175 190
174 205
148 214
161 217
174 221
187 218
199 215
113 163
124 158
136 159
147 166
135 167
123 167
203 168
214 162
225 163
235 168
225 170
214 170
125 243
143 236
161 232
174 235
187 233
204 238
220 245
205 263
187 271
173 273
159 272
141 264
131 244
161 245
174 246
187 246
213 246
187 255
173 257
160 255
