50 120
49 139
51 157
53 177
59 196
70 211
84 224
100 233
121 235
144 233
163 225
180 214
193 198
200 179
202 157
201 137
199 116
60 101
69 91
82 88
95 88
109 90
127 90
140 86
155 85
168 88
180 97
116 102
117 113
117 123
117 134
99 145
108 147
118 149
129 146
138 144
72 110
80 104
88 104
97 109
88 110
80 110
141 108
150 103
158 102
167 108
159 108
150 108
84 176
97 167
110 162
120 164
129 162
144 166
158 175
144 186
130 190
119 191
109 190
96 187
90 176
110 173
120 173
129 173
153 175
129 179
119 179
109 178
