67 226
65 259
62 293
65 330
77 362
98 390
125 413
159 433
195 443
233 438
264 421
290 400
309 375
320 347
326 316
330 288
333 259
96 180
113 162
138 153
166 153
192 161
238 168
263 166
289 171
310 184
322 205
213 200
211 215
208 230
206 246
174 271
189 275
205 279
221 278
236 276
122 209
135 201
152 201
169 211
151 213
134 213
246 219
261 212
277 215
291 226
275 227
259 224
139 324
162 310
187 304
201 308
214 308
237 318
259 336
236 356
212 362
198 361
182 357
160 346
148 324
186 316
200 319
213 321
250 334
213 346
200 345
185 342
