183 283
181 323
184 363
191 403
203 441
224 474
252 499
282 521
317 529
354 522
392 499
429 472
456 439
475 403
483 364
487 327
486 289
201 239
216 223
241 216
265 223
287 237
345 235
372 220
401 213
432 219
452 241
313 267
309 298
304 330
300 361
278 370
290 379
305 385
323 380
339 373
226 269
242 256
262 256
282 273
261 277
241 277
358 274
379 257
400 256
417 270
400 277
379 277
259 422
276 413
293 408
308 412
322 409
345 415
369 428
344 440
323 445
308 446
292 442
276 434
268 422
292 423
308 425
323 425
358 426
322 426
308 426
293 423
