69 137
71 152
74 166
78 181
84 193
96 203
112 209
128 214
143 214
156 209
168 200
177 190
183 177
185 163
186 150
186 137
185 124
81 117
87 107
99 101
111 101
121 106
139 103
149 99
160 98
170 102
176 110
133 117
134 127
136 137
137 148
125 156
131 158
137 159
142 156
146 154
94 124
100 119
107 119
115 123
108 123
101 124
145 121
152 116
159 116
166 120
160 121
153 121
113 176
123 171
132 168
138 168
143 167
151 169
159 172
152 177
145 180
139 181
134 181
124 179
117 176
132 174
138 174
144 173
155 172
144 174
139 175
133 175
