104 187
105 211
107 233
112 256
121 277
134 297
152 311
173 322
194 325
215 320
236 308
254 295
267 276
275 254
279 232
280 210
280 189
128 164
139 153
155 147
170 151
183 160
215 162
228 154
243 151
258 156
267 168
201 175
202 192
203 209
205 226
186 235
193 239
203 243
210 240
217 235
144 181
153 174
164 174
174 181
164 183
153 184
220 183
231 177
242 177
250 183
241 186
231 185
163 266
179 261
192 258
202 260
210 257
222 260
233 266
221 277
210 282
200 283
190 282
177 276
169 266
192 267
201 268
210 267
227 267
210 268
201 269
191 268
