197 252
193 293
194 334
200 375
214 414
236 449
264 473
296 488
327 492
357 488
388 471
416 450
436 421
452 389
466 357
475 322
479 288
239 215
263 200
294 193
324 199
349 216
393 223
416 217
439 216
461 225
472 242
370 243
369 272
369 300
368 329
332 343
345 351
359 356
370 354
380 350
267 236
284 226
305 228
323 245
302 249
281 247
391 257
410 242
431 245
445 260
430 266
409 263
286 394
316 387
340 382
352 387
363 386
376 393
388 406
370 414
356 418
344 418
331 415
311 408
296 395
337 395
350 397
361 397
379 404
359 400
348 400
335 398
