66 157
69 175
74 192
79 209
88 225
100 237
116 247
135 253
152 253
167 247
180 236
193 224
201 210
205 194
206 176
205 160
203 143
81 141
89 132
101 126
114 126
125 131
152 130
161 123
172 120
183 123
191 130
141 145
143 159
145 173
147 187
135 193
141 195
147 197
153 194
157 189
97 150
104 144
113 144
122 150
113 152
104 153
156 147
162 138
172 138
179 143
173 147
164 148
120 213
132 209
141 206
148 206
154 204
162 205
170 206
163 213
156 218
149 220
142 221
133 219
125 213
142 213
148 212
155 211
166 207
155 211
149 212
142 213
