100 242
105 275
111 309
117 340
130 370
151 394
180 412
212 427
248 429
282 425
309 409
332 386
349 357
358 325
362 290
364 255
365 219
124 212
140 191
167 181
195 180
223 188
248 185
273 175
299 174
324 181
340 199
237 213
239 238
242 262
244 287
221 305
233 307
245 309
257 305
268 301
157 228
171 217
188 215
205 225
189 231
171 233
269 219
283 208
300 208
312 216
301 222
284 223
197 353
217 345
233 338
246 340
259 336
274 339
291 345
275 352
261 358
247 361
234 362
218 361
204 352
234 347
247 347
260 345
284 345
260 344
247 347
234 347
