77 151
77 173
79 195
82 217
87 240
95 260
109 277
127 290
149 292
173 290
194 279
212 264
224 246
234 226
240 204
244 181
246 156
84 131
90 119
104 115
119 116
133 121
159 122
175 118
192 117
209 122
219 134
145 140
144 156
142 171
140 187
129 198
135 202
142 204
151 202
160 198
99 143
106 137
116 137
126 144
116 146
106 147
171 145
179 138
190 139
198 145
190 149
179 148
121 234
128 228
136 227
145 229
154 227
165 229
177 235
166 242
154 244
145 245
136 244
127 242
125 234
136 233
145 234
154 233
172 234
154 235
145 235
137 235
