60 84
60 99
63 113
67 127
75 139
86 149
99 155
113 160
128 161
140 159
149 152
154 143
158 132
160 121
161 109
162 98
161 87
82 71
91 67
101 65
112 67
122 69
134 69
143 68
151 68
157 70
161 76
130 75
131 80
133 86
134 91
119 102
125 104
131 105
135 105
139 104
93 77
99 74
106 74
112 78
106 79
99 79
138 79
144 76
150 77
154 81
150 82
144 81
110 127
118 117
125 113
129 115
133 114
138 119
141 129
137 131
133 132
128 132
124 131
117 129
114 126
125 121
129 121
133 121
138 127
133 125
129 124
125 124
