82 93
79 110
77 127
77 144
80 161
87 176
98 189
110 201
125 206
140 208
154 201
167 191
179 180
188 166
193 150
198 134
202 117
97 87
107 78
120 78
134 82
146 89
158 92
170 89
181 90
191 96
195 107
148 99
146 112
144 125
142 138
127 138
132 143
139 147
146 146
152 144
110 94
118 93
124 94
130 99
123 98
116 96
162 106
169 103
176 106
181 110
174 110
168 108
110 154
121 155
130 156
136 158
144 158
151 161
158 164
149 168
141 170
133 170
126 167
119 163
114 156
129 158
136 161
143 161
154 164
142 164
135 164
128 161
