114 236
111 277
112 319
117 362
127 405
143 447
166 486
197 521
241 536
291 533
343 511
391 480
431 440
456 392
468 339
473 285
476 229
116 208
127 176
159 165
193 169
226 182
254 180
293 163
339 163
381 180
406 216
234 217
229 254
223 292
218 330
189 338
207 348
229 356
257 347
283 339
144 230
162 223
181 222
206 230
182 232
162 233
295 231
318 225
339 227
361 235
338 237
316 235
175 387
195 382
218 380
240 384
263 380
296 382
333 389
298 420
264 436
240 439
217 436
195 421
185 392
218 391
240 394
263 391
322 391
263 413
240 416
218 411
