34 187
38 226
44 265
52 303
66 340
85 372
116 396
151 410
194 411
237 408
271 392
299 365
317 330
331 292
339 251
341 208
341 163
55 150
68 125
96 113
125 113
154 122
188 119
216 106
248 102
280 111
301 134
168 147
168 175
167 204
167 233
147 255
160 260
175 263
191 258
206 253
86 166
100 152
120 150
137 162
120 169
101 171
215 155
232 141
252 141
267 152
253 160
233 160
135 323
149 312
166 304
183 307
200 301
222 305
244 314
224 325
203 332
185 336
169 336
152 333
143 322
167 317
184 317
201 315
235 314
201 317
184 320
168 319
