47 127
50 163
56 197
62 231
74 263
94 290
119 312
147 329
178 332
210 324
236 302
258 277
273 249
282 218
286 186
287 153
286 120
74 119
85 102
104 93
127 93
148 101
182 101
202 93
224 91
245 98
257 114
166 127
167 152
169 177
171 202
147 209
159 214
172 218
186 213
197 206
99 134
110 126
124 125
137 133
124 136
110 137
196 133
207 123
222 124
234 131
222 134
208 134
127 243
143 235
160 232
174 235
186 231
203 231
218 238
205 259
189 271
176 274
160 273
143 263
133 244
160 241
175 242
187 239
212 239
188 256
175 259
161 258
