111 237
110 278
111 317
117 356
132 392
156 420
190 443
227 462
263 467
299 464
324 445
346 421
363 391
372 358
382 325
388 291
391 258
166 216
186 193
215 183
245 186
275 198
311 206
335 197
360 199
381 210
387 235
291 236
293 261
296 285
298 310
259 325
273 331
289 337
302 334
312 328
199 237
214 226
232 227
248 240
230 246
211 245
311 248
329 238
347 239
359 252
346 259
328 256
228 376
250 367
268 364
281 368
292 365
302 372
311 384
299 391
288 391
276 391
263 389
246 385
238 375
266 375
279 377
290 377
304 382
290 376
279 377
265 375
