86 194
90 233
97 273
105 310
115 346
132 377
157 398
181 416
212 421
247 418
285 404
321 384
348 356
367 320
375 279
381 236
385 191
94 167
100 137
125 120
154 120
182 130
213 133
245 121
280 120
313 132
332 159
198 166
196 189
194 212
191 236
175 262
186 267
198 269
211 265
225 262
127 180
138 167
157 164
175 177
158 185
139 186
242 177
259 163
279 163
297 177
280 185
260 183
166 331
175 313
187 304
200 306
212 303
228 313
251 333
228 332
213 332
201 333
189 333
178 334
174 326
188 316
200 316
212 314
242 327
211 314
199 315
188 315
