87 192
85 221
86 252
88 281
96 310
108 336
126 359
148 377
180 385
215 381
248 367
276 347
297 321
310 291
315 258
314 225
313 191
97 170
103 151
122 143
143 146
163 155
194 158
218 149
243 143
268 151
281 173
176 179
174 196
171 213
169 231
153 247
162 253
173 256
185 253
198 248
121 185
131 176
144 176
157 185
144 189
130 189
211 186
223 176
237 176
249 184
238 188
224 189
137 295
150 284
163 280
175 282
186 280
203 285
223 296
204 304
186 305
174 305
162 304
150 301
144 294
163 290
175 291
186 291
214 295
186 293
175 292
163 291
