62 116
61 136
59 155
60 174
64 191
74 207
87 221
101 231
119 234
137 232
152 222
165 211
176 197
183 181
188 164
190 146
192 128
79 116
85 105
98 104
110 107
122 113
139 115
152 112
163 111
175 114
180 124
129 126
128 138
126 149
125 161
110 164
116 167
124 171
132 169
140 166
91 125
98 123
105 123
112 127
104 127
97 127
145 129
152 127
159 128
166 131
159 131
152 131
96 182
107 179
117 179
124 181
132 180
140 182
150 185
139 195
130 199
122 199
114 197
106 192
100 183
116 181
123 183
131 183
146 186
131 191
123 191
116 190
