147 310
152 379
162 449
184 513
226 569
283 610
351 642
421 664
490 665
543 649
578 607
608 557
629 505
641 449
643 392
637 339
625 287
256 259
292 215
349 191
409 193
463 212
505 209
544 188
585 182
620 198
630 237
495 259
504 291
514 322
525 356
447 405
479 411
511 417
535 409
556 399
330 284
359 271
388 267
411 278
389 286
361 288
529 273
556 261
579 261
595 274
581 282
557 280
399 511
443 490
483 479
506 484
526 479
546 490
558 509
540 526
522 532
500 534
477 534
438 531
415 512
482 501
505 501
524 501
544 510
521 506
500 507
478 506
