115 229
116 264
118 297
124 332
134 365
152 393
178 416
208 431
244 437
278 430
306 412
329 388
345 359
353 327
356 293
357 259
357 226
139 213
150 190
176 181
202 185
227 193
260 195
284 185
309 179
333 186
341 210
244 217
244 239
245 260
245 283
218 297
231 301
246 305
260 301
272 297
171 228
184 218
199 217
212 226
199 230
184 231
274 224
288 215
303 215
314 224
304 228
289 227
196 346
217 340
233 338
246 340
258 338
272 340
290 345
273 354
258 357
246 358
233 357
217 354
204 345
234 343
246 344
258 343
282 345
258 346
245 347
233 346
