68 158
67 179
68 201
71 222
79 242
93 259
111 274
134 285
157 287
180 284
199 272
213 256
225 238
230 217
231 197
230 178
227 159
92 141
101 127
117 120
134 122
150 127
168 130
182 124
197 122
212 129
218 144
159 145
160 157
162 169
163 183
142 192
151 194
162 197
171 194
179 192
112 150
120 144
130 144
139 150
129 151
120 151
176 151
185 145
195 145
203 151
195 152
186 152
118 219
134 213
149 210
160 212
169 210
181 213
193 220
181 234
169 240
158 242
147 241
132 235
123 220
149 216
159 217
169 216
188 220
168 231
158 232
148 232
