44 162
48 187
54 211
61 233
74 255
90 273
110 287
132 296
157 297
182 289
202 277
220 260
233 239
242 214
243 188
241 160
239 133
59 133
64 113
82 100
102 97
122 100
151 94
170 84
190 81
209 88
218 107
139 118
141 131
142 144
144 158
128 176
137 177
148 178
157 175
166 171
85 136
95 127
107 123
119 129
108 133
96 136
164 121
175 111
187 110
197 117
188 120
176 121
111 219
122 204
137 196
148 196
158 194
175 197
190 208
178 226
162 235
151 238
139 239
123 234
116 218
138 205
149 204
159 202
185 208
160 224
150 226
139 227
