71 192
73 213
79 235
85 257
95 278
107 297
126 312
147 322
172 322
196 314
217 299
235 280
245 256
250 229
251 202
252 175
249 148
74 177
80 161
96 153
115 151
132 156
149 151
166 139
186 134
206 137
222 148
142 164
143 180
144 197
145 214
135 227
143 229
152 230
161 225
170 221
94 177
102 169
113 166
124 172
114 175
104 178
170 163
181 153
192 151
203 155
194 160
183 163
132 270
140 261
149 256
158 256
167 252
179 254
193 259
181 267
170 269
160 271
151 272
143 274
138 268
150 260
159 260
168 257
188 259
167 259
159 262
150 262
