97 205
99 241
103 274
109 308
122 339
142 364
173 382
205 393
236 396
264 390
290 376
312 358
326 331
334 301
338 269
340 236
340 203
128 191
144 176
167 172
190 175
210 184
250 181
271 173
291 170
312 173
326 185
234 205
236 228
237 250
239 273
207 284
221 289
237 292
250 288
261 283
154 213
168 206
184 205
199 213
185 215
169 216
260 212
276 202
291 201
305 207
292 212
277 212
185 324
205 316
221 314
233 317
246 314
261 317
277 324
262 335
248 338
234 338
222 337
205 332
193 322
221 322
234 324
247 322
270 324
248 324
234 325
222 323
