108 285
113 327
118 367
127 407
143 443
169 471
205 492
244 508
283 511
321 505
354 485
383 461
402 430
411 392
414 353
416 313
416 272
152 263
169 241
196 233
223 235
250 242
301 240
326 231
352 228
377 234
391 253
280 268
282 293
285 317
288 342
255 362
270 365
285 367
298 364
308 360
187 278
202 269
221 267
236 278
221 284
202 285
312 275
328 262
347 261
361 270
349 278
330 279
223 415
246 402
266 397
282 402
300 397
318 402
336 411
319 423
301 428
284 429
266 428
245 423
232 413
266 409
283 411
300 409
329 411
300 410
283 412
266 410
