475 932
476 1100
480 1264
504 1423
570 1563
667 1685
796 1776
936 1849
1072 1870
1198 1851
1303 1782
1400 1696
1473 1584
1521 1454
1554 1314
1581 1169
1598 1020
653 907
739 851
847 841
953 864
1047 911
1225 921
1314 890
1408 883
1491 910
1539 979
1140 1012
1141 1116
1142 1219
1143 1322
1002 1356
1057 1380
1118 1399
1179 1386
1232 1366
774 996
836 974
905 981
963 1022
900 1033
830 1029
1258 1039
1316 1006
1379 1011
1428 1041
1381 1063
1318 1058
894 1529
977 1510
1049 1503
1108 1522
1171 1508
1226 1522
1284 1547
1224 1593
1168 1614
1102 1616
1039 1608
969 1583
926 1529
1045 1537
1106 1547
1170 1540
1253 1543
1170 1548
1105 1554
1045 1544
