149 297
152 348
157 398
164 446
180 489
211 523
249 549
287 575
331 582
376 574
412 549
443 522
468 485
484 443
492 401
498 358
502 315
186 291
208 268
239 261
273 267
304 279
360 282
391 270
420 266
450 273
470 294
336 307
336 339
336 371
336 404
296 412
313 420
332 428
351 423
367 418
228 307
248 300
271 299
289 310
269 316
247 317
375 315
395 305
417 306
434 314
417 325
396 324
264 463
288 457
309 458
327 464
348 459
370 462
396 468
370 484
345 490
325 490
306 488
285 478
273 464
309 466
327 469
347 468
387 468
346 476
326 478
308 474
