200 393
203 469
206 543
217 615
245 682
295 735
362 772
431 797
505 806
575 801
632 778
680 740
709 684
726 621
735 556
742 490
746 425
288 328
324 289
379 272
436 278
488 299
570 304
616 292
664 295
704 319
719 361
530 355
532 395
535 434
537 477
465 518
494 529
525 537
553 534
577 527
353 360
384 342
417 344
446 368
415 369
382 367
583 380
614 362
645 366
667 388
643 391
613 387
403 615
449 590
491 584
520 593
550 588
581 602
609 632
576 638
545 640
513 639
484 635
446 627
419 613
489 607
519 611
549 612
595 626
547 614
516 614
487 610
