78 150
76 176
73 200
74 225
82 248
96 266
117 277
139 286
164 290
191 292
215 286
237 278
253 264
264 245
270 222
274 198
278 173
102 111
115 100
134 98
152 101
167 109
189 112
207 107
226 109
244 117
254 131
177 130
175 144
173 157
171 172
150 187
159 191
169 195
180 194
189 192
118 133
127 126
139 127
150 136
137 137
126 136
201 142
212 135
224 137
234 146
223 147
211 145
130 230
143 218
157 213
166 216
177 215
191 223
204 238
189 240
175 240
165 240
154 238
141 235
136 229
156 223
166 225
176 225
199 234
176 230
166 230
155 229
