46 91
48 107
52 124
57 140
65 153
77 164
91 171
105 178
120 179
133 176
143 166
151 155
157 141
160 126
161 111
160 97
158 81
64 78
70 70
80 67
91 69
101 73
118 72
128 67
137 64
147 65
152 73
112 84
114 94
116 103
118 113
107 121
112 122
118 123
123 121
127 119
79 88
84 84
91 83
97 87
91 89
84 90
125 85
130 80
137 79
142 82
138 85
132 86
100 146
107 140
114 135
119 136
123 134
129 137
135 142
130 150
125 153
120 155
115 155
108 152
103 145
115 140
119 140
123 139
132 142
124 147
119 148
115 149
