55 128
55 146
55 165
57 184
63 202
76 216
94 227
113 233
134 236
154 237
171 230
185 220
194 206
199 189
203 173
206 157
207 141
80 103
91 91
106 85
123 86
137 93
153 96
167 93
182 96
194 106
198 121
145 113
144 124
145 135
145 146
125 160
133 161
141 163
149 163
156 163
95 115
104 111
113 111
120 118
112 119
103 118
161 124
170 120
178 122
185 129
177 129
169 127
108 191
121 183
132 178
139 180
145 180
154 187
162 198
152 199
143 199
137 198
130 197
120 194
113 191
132 187
138 189
144 190
158 197
144 191
138 190
131 188
