49 132
49 167
54 200
59 233
68 264
81 295
102 318
127 333
160 337
195 334
228 323
256 303
275 275
292 244
302 211
309 176
315 139
69 84
82 66
105 61
128 66
150 77
183 81
210 76
237 74
263 81
280 101
164 108
163 130
162 152
161 175
139 197
150 200
161 204
175 202
188 200
92 112
103 104
118 105
131 115
117 117
102 117
205 120
218 111
233 113
247 122
233 124
218 123
120 256
136 244
150 238
160 242
171 240
188 249
204 261
186 268
169 271
157 271
147 268
134 263
127 255
149 249
159 251
170 252
196 260
169 255
159 255
149 253
