75 134
76 157
79 179
83 200
93 220
107 237
125 249
146 259
167 261
188 257
206 245
221 230
231 212
238 193
241 172
244 151
244 131
94 119
103 105
120 97
138 98
154 103
175 104
191 98
207 97
222 104
229 117
167 124
168 139
170 153
171 168
151 179
161 181
170 183
179 181
187 178
114 129
123 125
133 124
141 130
133 131
123 131
188 129
196 124
206 124
214 129
206 131
197 131
136 212
150 204
162 200
170 202
177 200
187 205
198 211
187 218
178 221
169 222
161 221
149 218
141 212
162 209
169 209
177 209
193 211
178 210
170 211
162 210
