110 198
111 228
113 258
118 287
133 314
157 335
184 353
214 365
243 370
269 367
290 355
304 337
316 314
323 289
327 262
326 235
322 209
151 165
169 150
192 146
215 149
235 160
256 163
272 157
290 158
304 166
311 180
247 184
250 201
253 218
257 235
225 254
237 257
250 259
260 258
269 256
175 181
187 176
200 178
209 188
198 187
186 186
267 194
278 187
289 189
297 197
288 198
277 197
201 300
220 290
237 284
246 288
255 286
266 295
275 307
264 311
253 312
243 312
234 311
218 307
207 300
236 296
245 298
254 298
269 305
254 299
245 299
236 298
