71 146
72 169
74 192
79 213
89 232
104 247
123 257
143 265
162 267
181 265
196 255
210 243
221 229
227 211
231 193
233 174
233 154
100 119
110 105
128 98
145 100
161 108
180 111
192 105
207 106
219 112
224 126
171 131
172 144
173 157
174 170
152 183
161 186
171 189
179 187
187 184
123 132
130 128
139 129
146 134
138 135
130 134
188 137
197 133
205 133
210 138
204 140
196 139
140 218
153 211
164 206
171 209
177 207
185 211
193 218
184 221
177 223
170 223
162 222
152 221
144 217
163 214
171 215
177 214
188 218
177 212
170 213
163 213
