59 100
58 121
58 143
61 164
69 185
85 201
105 213
128 220
151 221
170 218
183 206
193 192
199 176
203 159
206 143
208 128
207 113
91 89
105 80
123 76
141 77
157 83
173 85
184 81
196 80
207 83
211 93
164 96
165 108
167 119
169 132
143 144
153 146
162 149
171 147
178 143
108 100
119 96
128 96
137 101
128 103
118 102
175 103
184 99
192 99
198 104
192 106
183 105
121 172
138 169
151 167
158 169
165 167
173 169
178 174
171 181
163 185
156 186
149 185
135 181
126 172
151 172
157 173
164 172
174 174
164 175
157 176
150 175
