62 272
68 320
78 367
93 414
111 460
138 499
172 531
215 557
265 562
317 555
362 525
400 488
430 444
446 394
451 343
453 288
452 236
92 218
114 194
147 183
184 183
218 195
265 194
301 179
339 172
376 176
407 197
247 228
250 263
253 297
255 332
218 354
237 361
259 367
279 359
298 350
134 246
152 234
175 231
196 242
175 246
152 248
307 235
325 223
348 222
367 231
349 235
327 235
190 428
213 408
238 396
260 398
279 393
305 402
335 420
308 441
284 449
264 452
241 451
216 445
203 428
238 419
261 417
280 416
321 422
281 418
262 421
240 420
