84 220
90 261
100 303
116 345
140 381
171 414
205 441
244 460
286 458
322 447
346 416
362 382
376 346
382 307
382 267
379 230
373 195
124 214
147 195
180 186
214 187
246 195
267 191
290 176
317 168
344 167
364 180
261 213
267 240
273 267
279 296
240 306
258 313
278 317
294 309
305 299
160 223
177 214
196 212
215 219
197 226
178 228
291 210
307 199
325 195
340 201
328 210
310 213
213 362
241 350
262 344
278 345
291 340
309 341
328 347
313 360
298 368
282 372
265 373
243 373
223 360
262 352
278 352
293 349
321 347
295 351
281 355
264 355
