51 178
51 203
59 231
71 257
83 280
97 301
112 322
128 335
148 334
175 327
205 310
234 288
260 263
276 231
281 198
281 165
281 132
45 146
51 135
64 129
81 128
97 130
118 121
140 110
165 105
191 107
212 119
111 148
110 167
107 187
106 207
95 220
105 224
117 226
131 220
144 214
63 164
71 154
83 151
97 155
86 161
73 165
149 145
159 134
173 131
187 135
176 142
163 145
101 270
105 255
114 247
123 248
134 243
152 244
171 253
157 262
143 270
131 273
121 275
110 275
107 266
116 258
125 257
137 254
163 253
140 254
127 258
118 259
