193 469
195 552
204 630
216 705
234 783
277 850
342 903
411 952
491 971
570 966
638 922
696 869
737 801
764 729
785 655
800 575
805 495
268 413
305 381
358 371
411 374
462 391
576 393
628 385
679 388
727 402
758 437
520 454
520 512
521 571
520 630
450 651
483 663
517 677
550 669
577 659
321 461
350 439
391 440
426 466
387 471
348 472
601 473
637 449
678 451
706 477
676 486
637 481
383 746
424 724
470 716
508 724
540 720
582 733
628 765
581 794
538 805
502 806
464 800
420 782
404 749
469 747
507 749
540 751
605 763
539 754
505 756
467 751
