61 121
62 137
64 153
68 170
73 186
82 201
93 215
109 226
127 228
145 224
160 212
172 197
182 180
187 162
189 142
189 124
187 104
65 114
69 101
81 96
94 95
107 97
121 96
133 91
147 90
160 93
170 103
115 111
116 124
118 136
119 148
105 153
112 157
120 159
129 155
136 151
79 116
85 111
93 110
102 115
94 117
85 118
134 112
141 106
150 105
157 109
151 113
142 113
99 178
105 170
114 167
122 168
129 166
139 168
148 176
140 187
131 194
123 195
115 195
106 189
103 178
115 172
122 172
129 172
144 176
130 183
122 184
115 183
