53 98
53 116
54 135
57 153
64 170
74 185
88 198
104 209
122 212
139 211
152 201
163 188
171 173
177 156
181 140
184 122
185 105
72 88
81 79
95 76
109 77
124 82
141 84
152 81
164 81
176 84
182 94
132 96
132 108
133 121
133 135
115 139
123 142
131 146
139 143
145 140
87 96
94 91
104 92
111 99
102 100
93 100
148 101
156 95
165 95
170 101
165 104
156 104
97 163
110 159
121 157
128 159
135 158
143 161
152 166
143 172
134 174
127 175
119 174
109 171
102 163
121 162
128 163
134 163
148 165
134 164
128 165
120 164
