71 126
73 145
76 164
78 183
84 201
94 217
109 229
125 240
142 243
157 240
170 228
182 216
190 201
196 184
199 167
202 150
203 133
85 121
96 115
109 114
122 117
133 124
156 124
167 118
178 115
190 116
197 124
146 137
146 153
147 169
148 184
131 185
138 190
147 194
154 190
159 186
101 134
109 130
119 131
127 137
118 140
108 139
161 138
169 132
179 131
186 135
179 141
170 141
116 204
127 202
137 202
144 205
152 202
159 202
168 203
160 209
153 212
144 213
136 212
126 210
120 204
136 207
144 208
153 206
164 203
152 205
144 206
136 206
