97 231
99 263
104 297
113 329
126 360
143 387
167 408
197 424
231 426
266 419
300 401
331 379
354 349
366 311
370 272
368 233
365 193
107 195
116 175
137 169
161 169
184 177
229 172
251 159
276 153
303 158
321 175
208 203
208 229
209 255
210 281
191 295
202 301
216 304
230 298
244 291
132 218
145 207
162 206
180 214
163 221
145 223
249 207
263 194
281 192
296 200
284 209
266 211
178 348
196 343
210 338
221 340
232 337
249 337
274 337
253 347
236 352
224 353
213 355
198 356
184 347
211 345
222 346
234 343
266 338
234 342
222 344
211 344
