159 341
160 392
168 446
175 499
187 551
210 600
239 643
277 677
329 687
384 683
436 658
482 623
519 581
539 528
551 471
559 414
563 356
182 293
203 271
234 264
265 270
293 287
373 285
403 269
438 264
473 274
501 295
330 331
327 374
323 417
319 459
287 475
303 486
323 496
346 488
365 481
216 337
237 323
263 326
287 343
261 348
234 349
388 343
412 328
439 328
460 342
441 352
413 351
262 549
284 538
304 533
325 541
347 535
376 544
408 553
375 571
346 578
323 578
301 575
282 566
271 550
304 549
325 553
348 551
396 553
346 551
323 554
303 549
