103 216
107 239
111 261
119 285
130 308
144 329
162 346
184 355
208 356
235 348
262 333
288 315
309 292
324 264
328 232
327 201
324 168
101 195
105 180
119 171
136 168
154 172
190 161
209 146
232 140
255 142
274 154
174 190
176 209
177 227
178 246
164 259
174 263
186 266
199 257
211 249
122 209
130 199
143 196
156 201
145 206
133 209
213 186
224 175
238 172
252 177
241 183
226 185
165 300
173 287
183 279
193 279
203 274
218 273
238 277
221 285
208 291
197 295
187 297
177 301
170 296
185 288
195 286
205 282
230 277
206 283
195 287
185 289
