278 615
283 708
292 801
318 890
374 966
451 1025
534 1069
616 1099
701 1105
776 1085
833 1038
874 975
902 905
918 831
922 755
919 679
912 613
437 559
480 525
539 512
601 521
660 537
737 538
777 519
821 502
862 506
883 537
696 593
703 644
712 693
720 746
627 781
667 791
710 800
741 791
769 777
502 606
533 587
568 584
601 601
569 610
535 613
744 595
773 575
807 574
832 588
808 601
776 602
585 901
633 866
676 852
708 858
733 850
765 860
791 882
766 897
737 908
710 913
678 914
636 911
602 896
677 878
708 878
734 876
777 878
735 878
709 883
678 883
