61 154
64 172
68 189
73 206
82 221
93 234
106 246
121 255
139 255
158 250
175 240
191 227
203 211
211 192
215 171
215 149
215 126
67 138
72 128
83 122
96 120
109 123
135 117
147 110
160 106
174 107
185 115
123 134
124 147
125 160
126 173
115 182
122 184
130 185
138 181
145 177
83 146
89 139
98 137
107 141
99 145
90 147
146 133
153 126
162 124
170 128
164 132
155 134
109 213
116 203
124 198
131 199
138 196
147 199
159 203
149 208
140 212
133 213
126 214
118 215
112 211
125 204
132 204
139 203
154 202
139 203
132 204
125 205
