199 450
211 506
224 563
241 617
269 670
308 717
352 756
404 787
465 791
525 776
573 734
613 687
646 632
665 573
671 509
670 444
667 380
240 431
264 406
302 400
342 407
380 418
448 409
483 385
522 363
567 359
599 379
418 451
424 494
429 535
435 578
392 593
415 601
440 606
464 595
484 582
293 468
312 456
339 453
363 462
341 472
315 475
482 445
504 428
531 422
555 426
536 443
509 448
373 671
396 653
420 643
440 644
458 636
487 638
518 646
492 672
468 686
447 691
426 693
401 687
385 668
423 657
442 656
461 652
504 647
463 656
444 661
424 662
