195 450
207 504
219 558
235 613
261 662
299 703
346 732
400 751
459 751
517 738
564 711
604 676
632 631
646 578
651 522
651 466
651 410
247 387
268 355
305 337
347 332
386 339
453 328
488 307
529 299
568 309
593 340
425 371
429 408
432 445
435 483
390 519
414 523
441 526
465 517
486 506
297 415
314 397
340 390
366 399
344 412
319 418
483 381
505 366
531 363
550 373
533 385
508 387
370 613
396 584
420 569
439 570
459 562
486 568
518 583
493 596
470 605
450 610
428 613
402 614
381 607
422 589
442 586
462 581
506 583
465 582
445 588
425 591
