61 150
65 168
69 185
73 201
81 217
93 229
110 237
128 242
148 241
169 235
185 224
200 214
211 198
216 179
216 160
215 141
215 123
69 129
74 115
87 106
102 103
117 105
136 99
150 91
166 88
182 92
192 102
129 118
130 128
131 136
132 146
120 163
128 164
136 164
144 161
151 158
87 136
93 128
102 125
111 129
103 133
95 136
152 119
158 112
168 110
176 114
169 118
160 119
116 200
122 186
130 178
138 178
144 175
155 177
165 187
157 194
148 199
142 201
135 203
125 204
120 197
132 185
139 184
145 182
161 186
146 192
140 194
133 196
