64 103
64 117
66 131
70 144
76 156
82 167
90 176
98 184
109 186
122 184
133 176
143 166
151 156
158 143
160 128
161 113
160 98
72 94
77 87
84 85
91 87
99 91
111 89
119 84
129 81
138 83
144 91
104 99
104 108
104 117
104 126
96 133
100 134
106 135
111 133
115 131
81 101
85 98
91 97
95 102
90 103
85 104
118 100
122 96
129 95
134 98
130 102
123 102
91 153
95 150
99 148
103 149
108 147
114 149
122 151
115 156
109 158
105 158
100 158
96 156
94 153
100 151
104 152
108 151
119 151
108 151
104 152
100 151
