71 92
71 106
72 120
73 134
77 147
84 159
94 169
105 176
120 177
136 177
151 172
165 164
176 154
182 140
185 125
187 110
189 95
81 76
86 68
95 65
104 66
113 69
132 68
143 65
154 65
164 69
171 77
122 84
122 93
121 102
120 111
109 122
115 123
121 124
127 123
133 122
90 88
95 85
102 85
108 88
102 90
95 90
140 88
146 85
153 85
159 88
153 90
146 90
101 143
108 138
115 136
121 137
127 136
135 138
144 143
135 147
127 148
121 148
115 148
108 146
104 142
115 142
121 142
127 142
141 143
127 141
121 142
115 141
