48 130
53 155
58 179
65 203
76 224
93 241
114 254
136 265
159 264
180 257
198 241
213 223
224 202
229 178
231 153
230 127
228 102
69 131
79 122
94 121
109 123
125 127
157 119
170 111
184 106
198 103
210 109
143 138
145 152
146 167
148 183
133 191
141 193
149 195
158 191
166 187
92 145
100 141
111 140
121 142
111 148
101 149
166 135
172 129
182 127
192 128
185 135
175 137
122 219
134 216
143 214
152 215
159 212
169 211
182 210
171 220
162 224
154 226
145 227
135 225
127 219
144 218
152 218
160 216
177 211
161 216
153 218
144 218
