101 354
103 404
112 453
122 501
136 549
162 589
198 620
238 644
291 647
349 638
402 612
454 583
496 544
526 495
539 437
542 378
545 318
106 323
121 294
154 285
190 288
224 300
290 286
330 267
375 261
418 269
452 293
259 331
256 365
253 401
250 437
222 457
238 466
259 473
284 462
306 453
149 351
167 339
191 336
217 345
192 353
168 356
327 334
347 321
373 321
398 329
376 337
350 339
206 530
226 522
247 515
265 519
283 513
317 517
361 522
319 542
287 548
266 550
247 551
226 548
216 531
248 527
267 527
285 525
347 524
284 527
264 530
246 530
