64 119
67 139
69 158
72 178
78 196
89 212
104 224
124 233
145 235
166 232
184 223
200 212
211 196
217 177
220 157
222 137
224 117
83 112
92 104
106 102
120 104
133 108
162 105
174 101
187 100
199 101
207 109
148 122
148 133
148 145
148 157
134 165
140 168
148 170
155 168
162 165
101 125
110 121
119 121
128 124
120 128
110 129
166 123
174 118
183 118
191 122
184 126
175 126
123 192
134 188
142 186
147 188
153 186
161 189
172 192
161 198
153 199
147 199
141 198
132 197
127 192
142 190
147 191
153 191
167 192
153 191
147 192
141 191
