60 136
61 169
62 201
67 232
80 260
101 283
129 300
161 314
193 317
221 315
245 302
266 285
281 263
290 235
295 208
300 180
303 152
102 125
120 112
143 109
166 114
187 123
228 122
247 115
266 112
284 115
295 130
208 143
209 162
210 182
211 202
183 213
194 217
207 221
218 218
227 214
133 145
146 140
159 140
170 147
158 150
145 150
233 149
245 141
258 142
268 148
258 152
245 152
159 254
178 248
193 245
204 248
213 246
225 251
237 256
224 262
212 263
202 263
191 262
176 260
166 253
192 252
203 253
213 252
232 256
213 253
203 254
192 252
