171 368
182 423
193 475
211 524
240 569
278 605
328 633
383 653
442 651
495 636
537 604
574 567
597 519
609 467
612 412
608 354
604 299
223 327
244 299
278 284
317 280
356 284
440 266
474 252
508 242
542 244
565 266
405 328
410 359
416 389
421 420
382 450
403 455
425 458
445 450
462 440
280 364
299 349
323 343
346 348
327 360
303 366
460 330
479 317
502 313
523 320
506 331
483 334
362 545
383 518
408 502
428 504
445 498
471 506
495 523
476 545
454 555
434 559
413 561
386 560
373 540
410 518
430 516
447 513
484 521
449 530
431 534
411 537
