63 137
65 154
68 170
72 186
78 202
87 216
99 228
112 237
129 240
147 239
163 231
177 218
188 202
195 185
199 166
200 145
201 125
70 128
77 118
90 115
103 115
116 120
133 117
148 111
162 108
176 109
188 117
125 129
126 141
126 154
126 166
114 174
121 176
128 178
135 175
141 173
85 134
92 128
102 127
109 132
102 136
92 137
146 130
153 123
163 122
171 127
164 131
155 132
105 199
113 195
121 192
128 194
135 192
145 195
155 197
145 205
135 209
128 209
120 209
113 206
109 199
121 199
128 199
135 199
151 198
135 199
127 200
121 199
