173 282
183 312
193 341
206 370
224 398
248 422
278 442
311 456
346 456
377 445
398 421
415 390
424 355
427 319
426 283
421 247
415 211
195 269
204 249
226 238
251 235
277 237
311 221
330 206
351 195
374 195
390 208
299 251
304 275
310 299
315 323
294 338
307 341
321 342
334 335
344 329
228 274
240 265
254 260
268 263
258 269
244 274
333 245
344 234
358 229
370 231
362 240
348 244
287 389
300 379
313 372
326 374
337 368
353 368
371 370
359 383
346 392
333 396
320 397
305 395
293 387
315 383
328 382
340 378
364 371
342 377
329 381
317 381
