198 458
209 547
224 634
249 721
288 804
347 872
427 927
517 971
611 976
691 954
748 892
790 822
815 741
818 655
820 571
821 488
812 410
295 429
337 387
397 364
462 362
525 376
611 364
661 336
715 324
770 333
799 371
577 426
589 486
601 546
614 608
534 646
568 655
605 664
635 652
660 635
374 448
408 425
448 418
484 442
450 453
410 458
640 425
677 396
716 389
747 409
721 425
683 428
478 770
520 747
566 732
600 739
628 727
664 737
693 756
668 793
636 811
604 817
567 817
520 801
499 769
567 761
601 764
630 757
677 757
631 766
602 774
567 772
