55 144
57 163
61 181
67 200
76 219
87 237
100 253
116 266
135 268
156 266
176 254
195 239
211 219
222 196
227 171
226 145
225 118
54 129
59 118
72 114
87 115
101 118
123 111
139 101
157 95
176 97
192 106
113 128
113 144
113 160
112 177
103 185
110 188
119 190
129 186
138 182
72 135
79 128
89 126
99 131
90 135
80 137
143 124
151 116
161 115
171 120
163 124
153 125
99 216
105 213
114 211
122 213
131 210
145 210
163 210
148 222
134 228
125 230
116 230
107 226
103 217
114 218
123 218
132 217
157 211
132 217
123 219
115 218
