52 158
59 177
68 196
77 213
87 230
101 245
118 258
138 268
156 268
173 258
189 243
204 226
214 204
219 181
218 158
216 134
213 111
59 146
65 132
78 126
94 124
109 127
126 118
140 107
155 100
172 99
186 106
121 131
124 146
126 161
129 176
119 187
126 189
135 190
142 185
148 180
78 148
84 140
94 136
103 140
96 145
87 148
146 127
153 119
163 116
172 119
165 124
156 126
116 220
122 213
129 208
138 208
145 205
157 205
170 207
161 215
152 221
144 224
134 225
125 225
120 218
131 214
139 214
148 211
165 208
149 210
141 213
132 214
