214 356
219 415
226 472
239 527
261 580
298 621
348 653
402 679
463 681
521 669
568 638
608 601
636 555
651 502
656 446
656 392
655 338
266 305
290 273
331 262
375 264
418 276
464 276
506 262
548 254
590 260
615 289
442 313
443 350
445 385
448 424
400 450
423 459
449 465
474 455
497 443
313 331
337 316
363 313
386 327
363 329
337 331
500 319
525 305
549 304
571 315
550 318
526 319
373 542
400 521
433 509
455 513
477 504
508 509
535 524
512 551
484 564
460 568
437 569
404 562
385 540
434 528
456 528
479 523
525 525
480 543
458 547
436 547
