188 435
191 495
196 559
208 622
227 681
256 734
304 778
359 813
423 824
487 818
547 789
601 749
637 694
659 633
669 566
676 496
679 427
236 412
264 387
305 379
348 386
390 395
459 382
505 374
548 370
589 376
618 402
429 429
428 477
427 523
425 572
380 587
403 597
428 604
454 598
475 589
291 439
316 428
341 427
367 438
342 444
317 445
492 437
515 423
539 425
562 436
540 443
515 442
338 667
371 664
400 661
423 668
448 663
480 668
515 667
482 683
450 692
425 692
401 690
371 682
349 669
400 676
424 681
448 678
505 669
449 671
425 673
402 669
