130 232
136 276
143 319
156 359
181 393
215 419
255 439
293 451
330 454
362 441
382 415
402 384
418 350
429 315
436 279
433 243
426 209
180 190
198 171
226 163
254 167
283 175
345 177
363 164
383 158
403 161
415 176
317 212
323 235
329 257
334 280
291 296
311 299
333 302
351 297
367 290
218 223
234 217
251 215
270 221
252 226
234 227
353 218
368 210
385 209
399 213
386 219
369 220
254 354
283 339
314 331
334 332
348 329
368 334
384 346
369 375
351 386
334 390
313 390
281 382
263 354
314 344
334 344
349 342
374 347
349 364
333 367
313 367
