46 102
36 140
28 179
27 218
37 255
59 288
87 314
121 337
159 349
195 350
225 333
249 313
271 291
289 266
303 238
312 212
316 185
109 82
137 73
167 76
193 87
215 105
252 117
270 113
289 116
305 123
312 137
225 135
224 157
224 178
223 200
173 208
189 217
207 226
224 224
240 221
133 114
151 114
166 119
177 131
161 128
146 123
248 151
266 148
280 152
288 162
276 162
262 158
118 245
151 243
180 243
196 251
213 251
229 260
240 276
221 293
199 300
182 298
164 292
139 278
128 250
175 259
192 264
209 267
232 276
205 273
189 272
171 267
