76 134
75 150
77 166
78 183
82 199
90 213
101 225
114 234
132 236
154 234
176 227
197 216
212 203
222 185
224 165
224 145
224 125
79 108
85 99
96 97
107 98
117 103
141 101
153 95
167 92
181 94
193 102
129 113
128 123
127 133
125 143
111 156
119 159
127 162
138 158
147 155
89 125
94 120
103 120
112 123
103 125
95 126
154 120
163 115
172 115
180 119
173 121
163 121
96 189
107 179
119 175
127 177
136 174
151 177
168 184
151 193
137 196
127 197
118 196
107 195
101 188
119 186
127 187
137 186
162 185
136 183
127 184
119 184
