99 189
104 216
108 242
118 266
135 287
158 304
182 317
206 326
230 328
252 321
268 304
282 285
292 263
298 242
300 218
299 194
296 171
132 157
144 142
163 132
183 130
200 135
230 134
244 128
260 126
275 131
283 144
220 160
223 171
227 182
230 194
202 209
215 212
229 215
240 211
250 207
156 175
167 169
179 167
190 170
179 173
168 174
240 166
250 162
261 161
271 165
262 167
250 168
179 252
195 235
215 227
229 227
240 225
256 231
266 247
257 273
241 283
229 284
214 283
195 274
186 252
215 237
229 237
240 236
258 247
240 267
229 269
214 268
