50 155
50 179
51 203
55 228
62 252
77 272
96 286
120 294
147 293
174 287
199 277
222 265
240 246
249 223
254 198
257 173
258 148
58 126
69 109
88 101
108 101
129 107
158 106
178 97
201 97
222 102
237 117
142 122
141 135
140 147
139 161
116 185
128 185
141 187
155 184
169 181
73 140
86 134
100 132
116 138
100 140
86 141
174 134
190 127
203 127
218 132
203 134
189 134
96 230
112 212
130 202
142 204
155 200
174 207
194 222
176 231
158 235
144 237
130 237
113 236
103 228
130 219
143 219
156 217
186 222
156 218
143 220
130 220
