120 272
118 317
117 362
120 407
131 451
154 490
188 523
229 548
277 558
328 555
376 536
417 506
449 469
469 426
480 381
483 333
485 287
150 230
170 205
203 195
236 200
266 217
324 223
356 210
391 208
423 219
446 243
293 261
292 286
290 311
288 338
246 363
266 369
288 376
310 370
332 365
182 266
201 260
223 262
244 273
221 276
199 275
345 277
367 266
390 267
411 275
390 283
367 282
205 446
233 424
263 413
284 420
303 415
332 428
360 451
330 466
301 471
279 471
257 469
230 464
217 444
262 436
283 439
303 438
346 449
301 439
281 440
260 438
