102 260
105 302
112 342
123 383
142 422
172 453
215 471
262 482
308 482
350 471
381 451
406 424
419 388
423 347
424 307
422 267
416 229
152 223
172 201
200 189
230 189
260 197
305 193
328 179
353 174
379 180
395 199
287 221
292 247
298 273
304 300
267 327
283 330
301 332
315 326
326 319
184 240
202 227
222 223
239 233
223 242
202 244
320 228
336 215
355 213
369 223
356 231
338 232
241 392
263 376
284 366
302 368
316 362
333 366
351 377
336 386
322 392
307 395
289 396
267 395
251 388
285 378
303 378
317 374
343 376
319 374
305 378
288 378
