90 191
94 215
98 240
105 264
115 287
129 308
145 326
166 339
190 341
216 335
237 319
255 300
267 277
275 252
277 224
276 197
275 170
101 177
110 167
125 165
140 167
155 171
179 169
195 160
212 156
231 157
246 166
167 185
169 203
170 221
171 240
156 248
165 251
174 252
185 248
194 245
119 186
128 181
138 180
147 187
138 190
128 190
198 184
207 176
218 175
228 179
219 184
208 185
149 280
160 276
170 274
178 275
187 272
201 272
215 273
203 282
191 286
182 288
173 288
163 285
154 279
170 279
179 280
188 278
211 273
190 278
180 280
172 279
