76 148
78 170
81 192
84 215
91 237
105 255
120 269
137 281
160 283
183 279
203 268
223 254
237 236
246 213
248 189
248 165
247 140
82 139
91 129
105 127
120 131
134 136
155 135
172 127
190 124
209 125
223 135
145 146
145 162
145 178
145 195
132 201
140 204
149 207
158 203
167 200
99 148
106 144
116 144
126 149
116 152
106 152
172 148
181 141
191 141
201 145
192 149
182 149
123 229
134 226
145 224
154 226
163 223
176 223
190 224
177 233
166 236
156 238
147 237
136 234
129 229
145 229
154 230
164 228
186 225
165 228
155 230
146 229
