91 168
96 192
102 215
108 238
116 261
129 280
146 296
166 308
191 308
217 302
237 288
254 271
266 249
273 224
274 198
274 172
273 146
97 152
104 137
119 130
136 127
153 130
181 125
198 118
216 117
234 122
248 134
168 145
169 161
170 177
171 193
157 207
165 208
175 209
185 206
194 203
116 155
125 146
137 145
148 152
138 156
126 158
196 146
205 137
218 136
228 142
219 147
207 148
149 246
159 238
171 233
180 234
190 231
204 232
218 238
207 249
194 255
183 257
174 258
162 254
155 245
172 240
181 240
191 238
212 238
192 244
182 246
173 246
