59 173
63 195
70 217
79 240
92 261
109 279
128 294
148 305
172 305
195 296
215 278
234 257
247 234
256 207
256 178
250 149
243 121
63 161
68 150
80 148
94 147
109 148
133 138
147 128
163 121
180 119
197 124
124 160
127 178
129 196
132 215
120 223
129 227
140 228
150 221
161 215
81 170
89 164
98 162
108 165
99 168
90 170
153 154
160 146
169 143
179 143
172 148
163 152
123 252
132 250
140 248
148 248
158 244
173 239
192 231
180 244
166 253
156 257
147 259
137 259
127 252
142 252
150 251
160 247
187 234
162 246
152 250
144 251
