284 188
283 219
285 250
290 281
300 311
318 339
344 359
373 376
405 380
436 378
463 362
486 343
502 320
511 294
517 268
522 241
525 213
315 182
334 167
361 163
387 168
412 176
436 178
459 173
482 172
504 179
516 196
424 196
424 216
425 236
424 256
394 269
407 274
420 279
432 276
442 271
343 193
357 186
372 187
385 198
370 199
355 199
451 203
463 194
478 195
489 205
478 208
463 206
366 308
386 301
402 299
415 303
426 301
439 306
453 313
436 322
424 324
412 325
399 323
384 318
373 308
401 309
414 310
425 310
447 313
425 310
413 311
401 310
