77 146
75 169
74 192
77 217
85 242
96 262
113 280
132 294
156 299
182 296
207 285
229 270
246 251
257 228
263 203
266 177
268 152
91 121
101 107
120 105
138 110
154 119
177 123
195 114
215 111
234 116
246 132
164 137
163 156
162 175
160 194
137 195
147 202
160 208
173 204
185 199
107 138
117 132
129 133
141 142
128 143
116 142
189 146
201 139
213 139
224 146
213 149
201 149
120 226
136 221
150 219
161 222
172 220
187 224
203 231
186 243
171 247
159 248
147 245
134 239
126 227
149 226
160 228
171 228
198 231
171 234
160 234
149 232
