122 127
124 144
126 161
127 177
133 192
142 203
154 212
167 219
183 220
198 216
211 208
224 199
233 188
238 174
241 158
241 142
241 126
131 121
137 113
147 110
158 110
169 114
188 112
198 108
209 107
220 110
228 117
179 125
178 134
178 144
178 154
169 163
174 164
179 165
185 163
190 162
145 128
151 124
158 124
166 129
159 131
151 131
193 128
199 122
207 122
213 127
207 129
200 129
159 183
168 180
175 177
180 178
186 177
193 179
201 182
193 185
186 187
180 188
174 187
167 186
163 183
175 182
180 183
186 182
197 182
186 180
180 181
175 180
