193 305
195 358
198 410
204 462
223 512
250 554
286 589
326 615
368 625
409 617
442 590
473 552
494 511
511 468
524 422
529 378
527 337
246 293
278 272
316 268
354 273
387 287
414 288
444 279
476 278
507 286
523 310
400 308
401 335
403 364
405 392
353 423
375 428
395 434
414 431
430 426
279 310
303 303
327 304
347 317
325 320
301 319
435 324
457 314
478 318
495 327
477 333
455 330
303 485
340 475
370 471
390 478
410 474
428 482
448 495
424 513
404 523
383 523
362 519
334 507
314 484
369 484
388 488
408 487
437 493
404 499
384 499
366 496
