101 204
101 233
101 262
104 291
113 319
129 343
152 364
179 380
213 385
245 380
271 364
293 345
310 322
320 295
323 265
325 236
325 207
124 184
138 167
160 162
181 166
201 174
239 173
258 166
278 163
298 169
308 185
218 196
218 214
217 232
217 252
189 264
202 267
216 271
230 267
244 264
148 203
160 196
175 196
185 206
174 208
159 207
251 205
263 197
275 196
285 203
277 206
263 206
165 300
186 297
205 295
216 298
228 295
245 298
264 302
244 317
227 324
214 326
202 325
184 317
173 302
204 306
215 308
228 306
256 304
227 307
215 309
203 307
