77 164
77 186
78 209
81 233
88 254
103 273
122 289
143 303
170 307
199 303
225 290
249 275
267 254
277 231
281 205
282 179
281 152
88 145
96 129
112 122
131 122
148 127
175 126
194 119
215 117
235 122
249 136
162 144
162 158
161 172
161 188
141 202
152 204
164 206
177 202
189 198
105 156
115 148
126 146
138 154
127 155
116 157
195 150
205 142
217 142
228 148
218 150
206 151
126 234
138 227
154 223
166 225
179 221
198 224
218 229
200 248
182 257
168 260
155 259
139 252
131 235
154 232
166 232
179 230
212 230
181 245
167 248
155 247
