78 144
79 168
80 193
83 216
90 240
105 261
124 278
147 292
175 295
201 290
223 275
243 258
256 237
262 214
263 190
263 166
263 142
90 136
100 120
119 114
138 116
156 122
184 121
200 115
217 115
233 120
243 134
169 137
168 152
168 167
169 183
146 192
157 195
169 198
181 194
192 191
109 146
119 139
131 138
141 145
130 146
119 147
196 143
205 136
216 137
226 143
217 145
206 145
127 222
144 217
159 215
171 217
183 214
199 216
215 219
200 234
185 244
172 246
160 245
144 238
133 223
160 222
171 223
184 221
209 220
184 231
171 234
160 232
