57 120
57 138
56 156
57 174
63 190
74 204
88 215
103 225
123 229
143 225
160 215
175 204
186 189
193 173
195 155
195 138
195 120
69 109
77 97
90 94
104 95
116 101
133 102
146 96
161 95
175 99
181 111
125 113
125 123
125 134
125 145
108 152
116 154
125 156
134 154
143 152
82 118
89 113
97 113
104 118
97 120
89 120
146 118
154 114
161 114
168 119
161 120
154 120
95 176
106 170
117 167
125 169
133 168
144 170
155 177
144 188
133 193
124 195
116 194
105 189
99 176
117 173
125 174
133 173
151 176
133 184
124 185
116 184
