60 159
62 180
65 201
72 220
81 239
97 253
116 265
138 275
165 276
191 270
211 256
228 239
239 220
243 197
241 173
238 150
235 128
68 131
74 115
89 105
107 102
125 105
153 99
169 92
187 90
205 94
216 107
140 121
142 134
144 146
145 159
128 178
138 177
149 177
159 173
169 171
85 141
93 132
104 130
115 135
106 139
94 142
171 127
180 117
192 115
201 121
193 125
182 127
117 218
128 206
141 198
151 198
161 195
175 197
191 206
180 216
168 223
157 226
146 227
132 225
124 217
142 210
153 209
163 207
185 206
165 207
155 210
144 211
