374 488
361 564
352 638
357 714
382 785
427 844
489 893
554 931
625 949
693 940
745 902
792 858
833 809
861 752
880 689
888 627
891 569
486 452
528 422
579 413
630 417
678 437
756 450
798 440
842 440
879 461
892 501
709 493
710 531
711 570
711 611
625 643
655 649
688 659
720 657
751 652
530 484
561 469
593 471
619 496
587 497
555 492
763 512
796 495
826 498
847 520
822 524
792 520
520 710
573 696
634 697
671 706
701 705
740 716
770 743
728 793
685 808
652 807
611 798
559 767
533 712
629 717
667 725
696 725
756 741
690 773
659 774
620 764
