352 611
361 690
377 767
396 838
419 918
451 991
494 1058
556 1110
635 1124
724 1107
820 1062
904 999
970 921
1008 829
1014 729
1013 625
1011 519
353 567
379 529
425 515
477 523
526 542
632 519
686 483
751 468
817 476
877 507
574 586
573 649
570 716
567 782
525 801
553 816
588 825
628 811
666 798
411 609
439 591
478 589
516 610
478 623
440 626
692 595
726 568
765 561
805 572
774 595
733 602
500 912
529 894
566 887
600 896
637 884
696 888
760 903
703 952
645 970
603 973
566 971
531 954
517 912
566 915
601 921
640 913
743 903
642 922
602 928
567 922
