104 207
99 238
97 271
96 305
98 339
108 371
124 399
146 422
177 434
215 437
256 425
291 404
320 378
342 346
356 309
363 271
368 233
113 190
126 173
148 171
172 177
193 191
223 197
252 193
280 195
307 205
326 225
204 217
199 245
193 273
186 302
163 304
173 312
187 320
205 317
222 313
133 208
147 203
163 206
177 218
159 218
143 215
247 229
264 222
281 225
295 235
280 237
262 235
142 336
159 335
174 337
187 343
203 342
223 347
245 356
220 372
198 375
182 372
166 368
154 357
149 339
171 346
186 351
202 352
237 354
201 353
185 352
170 347
