427 857
456 994
483 1127
522 1256
598 1366
703 1448
837 1500
986 1539
1139 1535
1279 1496
1380 1411
1460 1311
1503 1195
1516 1070
1514 947
1509 822
1500 695
543 692
594 588
695 528
813 513
922 544
1083 522
1174 467
1283 457
1384 492
1430 587
1020 633
1034 707
1047 781
1060 862
935 955
1003 961
1071 968
1128 947
1182 928
661 738
715 684
786 670
859 707
794 726
723 740
1159 671
1227 622
1297 610
1353 647
1305 669
1233 674
832 1155
915 1093
1006 1067
1075 1075
1137 1051
1229 1058
1311 1097
1249 1175
1168 1213
1100 1228
1029 1231
931 1212
866 1147
1013 1113
1081 1112
1146 1098
1280 1098
1154 1156
1088 1172
1019 1173
