95 156
99 184
105 211
111 238
123 263
140 284
162 300
189 312
218 314
245 309
265 294
281 274
293 251
301 224
304 197
306 169
304 141
115 148
125 131
144 122
165 120
186 123
229 118
246 109
264 106
282 110
292 126
210 146
212 165
214 185
216 204
193 215
204 218
217 219
227 215
236 211
138 158
149 148
164 146
177 155
164 158
150 160
237 149
249 137
264 134
276 142
266 148
252 150
174 254
187 243
202 239
215 241
227 238
242 238
255 244
246 261
232 270
218 272
205 273
188 268
180 253
203 250
215 250
228 248
250 245
229 253
217 256
204 256
