123 219
124 249
127 279
131 309
139 337
153 361
171 382
196 398
228 400
261 393
290 378
315 357
334 331
346 302
350 270
353 237
354 203
132 196
141 178
160 172
179 173
198 181
247 177
266 166
288 161
310 165
325 181
223 207
222 230
222 252
222 275
198 281
210 285
225 289
241 283
256 278
154 217
165 208
180 208
194 217
180 220
165 221
263 212
276 200
291 198
303 205
292 211
278 212
177 314
195 309
213 307
229 309
244 305
263 304
285 307
265 328
245 339
228 343
212 342
194 336
184 315
213 318
229 318
244 316
278 309
244 324
228 327
213 326
