94 159
95 195
97 233
103 269
122 302
150 328
184 348
220 361
257 362
289 353
311 330
332 305
349 278
359 247
362 215
360 183
358 153
133 139
153 118
182 108
213 111
240 121
275 117
297 106
320 103
342 111
352 130
260 146
264 171
267 195
271 221
223 226
242 232
263 239
281 233
295 225
165 149
183 143
198 144
215 152
198 152
182 151
285 150
302 141
316 140
330 146
317 148
302 149
179 256
211 250
240 250
259 254
277 249
296 247
314 250
297 278
279 293
259 298
238 297
209 285
187 258
240 258
259 260
278 256
306 253
278 276
259 281
239 280
