55 120
55 133
57 147
60 162
63 175
71 188
82 197
97 203
113 204
131 203
146 196
159 186
168 174
174 159
177 143
178 126
178 109
59 97
64 86
75 83
86 85
97 89
113 88
125 82
138 79
151 83
159 92
107 97
108 107
108 116
109 126
96 135
103 137
109 138
116 137
121 135
71 104
76 99
83 99
91 103
83 104
76 105
124 102
131 97
139 97
147 101
140 102
132 103
87 165
94 158
102 154
108 155
114 153
123 157
132 163
123 167
115 169
109 170
103 170
95 169
90 165
103 159
108 160
115 159
127 162
115 162
108 162
103 163
