117 266
118 299
124 330
134 362
146 394
160 423
179 451
203 474
234 482
271 479
307 463
338 437
361 405
374 367
378 327
379 285
379 244
124 253
137 239
157 238
178 245
198 254
230 250
256 238
283 230
313 233
336 248
217 271
218 297
218 323
218 349
195 355
207 364
222 369
237 363
250 355
149 269
161 262
177 262
192 272
177 274
161 275
259 271
274 260
291 259
308 266
293 272
276 274
184 405
198 399
211 396
223 400
235 396
254 399
277 402
257 416
239 424
226 425
213 424
200 419
191 406
212 405
223 407
236 405
269 403
237 408
224 410
213 409
