310 561
312 644
316 724
326 806
347 885
383 955
440 1008
507 1049
586 1064
665 1052
737 1016
801 967
846 901
877 822
886 737
891 652
895 560
326 521
355 469
419 454
481 468
541 493
615 495
675 470
740 456
806 477
840 534
579 539
581 591
582 644
583 700
525 726
550 741
581 753
614 743
643 728
399 540
432 525
469 525
506 550
466 551
430 551
663 552
699 532
735 533
767 549
735 558
698 555
456 833
497 820
542 814
581 822
615 813
663 822
712 841
664 866
618 875
582 876
542 873
498 862
473 833
541 838
581 842
617 839
694 840
618 845
583 845
543 843
