95 202
95 226
97 250
99 276
103 301
114 323
131 340
151 348
177 351
206 351
234 346
260 333
278 314
290 289
296 262
300 232
302 204
103 172
113 157
131 153
148 158
163 166
188 170
206 160
226 156
247 161
262 175
174 183
173 197
172 211
170 226
156 240
164 243
174 245
185 242
196 241
120 187
129 180
141 180
153 188
140 189
129 189
205 190
217 183
230 184
242 191
230 192
218 192
144 286
154 271
167 264
177 267
190 265
208 273
223 291
207 296
190 298
177 298
166 297
154 295
150 286
167 275
177 276
190 276
218 289
190 286
177 286
167 285
