53 106
54 121
55 136
59 151
65 164
74 175
88 183
103 188
119 189
133 187
144 179
153 169
158 157
161 144
162 131
161 118
160 106
71 96
77 89
88 87
98 89
107 93
121 93
131 89
140 87
151 89
155 97
116 99
118 109
119 118
120 127
107 133
112 135
119 137
124 135
128 133
81 104
88 101
94 101
100 104
94 105
87 105
127 104
133 101
139 101
144 104
139 105
133 105
96 157
105 152
113 150
118 151
123 150
129 151
135 154
129 158
124 160
118 161
113 161
105 160
99 156
113 154
118 154
123 153
132 154
123 155
118 155
113 156
