49 138
49 157
49 176
51 196
56 217
64 234
78 249
95 260
118 262
146 262
174 257
200 247
221 232
233 209
237 183
237 157
237 130
47 112
53 97
69 89
86 88
105 91
121 90
142 83
165 81
187 87
202 102
112 110
110 121
107 134
104 147
91 165
101 167
111 169
124 165
137 162
62 124
69 116
81 115
95 121
82 124
71 125
143 117
155 108
167 108
180 115
168 117
155 117
81 202
91 191
102 185
112 186
123 183
142 187
163 197
143 203
126 206
115 208
104 209
93 207
86 200
103 193
113 193
124 191
157 197
125 198
114 199
103 199
