153 126
154 150
155 175
160 198
170 220
185 236
204 249
224 258
248 259
273 255
293 245
311 231
325 214
334 193
339 171
340 147
340 125
175 103
184 90
202 84
219 86
235 92
258 91
274 85
290 82
306 87
315 101
248 109
249 121
250 134
250 147
229 164
239 166
250 168
261 165
272 163
191 119
199 113
210 112
222 117
211 119
200 121
268 116
278 108
289 109
298 116
289 118
278 117
216 200
229 192
242 188
251 190
260 188
273 191
286 199
274 206
262 210
252 211
242 211
229 208
221 199
242 195
251 196
260 195
280 199
261 199
251 199
242 199
