119 295
123 342
127 388
136 434
154 476
182 511
219 537
260 553
307 558
355 554
397 537
432 509
457 472
471 427
476 378
476 330
474 283
149 259
170 237
202 232
234 238
265 249
311 245
343 234
376 228
410 231
435 251
292 268
293 296
294 325
296 355
252 372
273 379
296 385
320 379
341 372
183 282
200 274
220 272
241 281
221 283
201 285
344 279
364 269
384 269
404 278
386 281
365 281
225 433
249 416
275 408
296 412
317 408
345 416
374 432
346 457
318 466
295 467
273 465
248 455
235 433
275 427
296 428
318 426
363 432
317 442
295 443
274 441
