79 125
81 152
84 178
88 202
95 224
109 243
125 257
143 267
163 267
182 265
198 256
211 242
221 224
227 204
232 182
237 159
242 135
103 117
116 108
132 106
147 107
162 112
181 112
196 108
211 108
225 112
234 123
169 125
168 141
167 156
167 173
152 184
159 185
167 186
175 185
182 182
121 129
129 125
139 125
147 130
138 132
129 133
190 129
199 124
209 125
216 130
209 133
199 133
140 218
150 213
159 210
166 211
172 209
178 212
186 215
179 217
173 216
167 218
160 218
151 219
143 216
159 214
166 214
173 213
183 214
173 210
167 211
160 211
