76 139
78 162
80 185
84 207
95 229
112 246
133 259
157 267
179 270
199 265
212 253
222 236
227 217
232 197
237 177
238 157
239 136
105 119
118 108
136 105
153 106
170 112
187 114
201 110
215 109
228 114
235 125
179 126
181 140
183 155
185 170
165 178
173 181
181 183
188 182
194 180
123 128
132 122
143 122
152 129
142 131
131 132
194 131
203 123
214 125
222 132
214 135
204 133
148 207
161 201
172 198
180 200
187 198
194 201
198 209
194 212
188 215
180 216
171 215
160 213
152 206
172 205
180 206
188 205
194 207
187 206
179 207
172 206
