83 102
81 116
80 131
82 148
85 163
90 176
98 189
108 197
124 199
142 199
160 193
177 183
190 170
198 154
203 137
205 120
207 103
90 85
94 79
102 77
110 78
118 80
132 80
143 76
156 76
168 79
177 86
124 90
121 100
119 111
116 122
112 132
117 134
122 135
129 134
137 132
99 95
104 92
110 92
116 94
110 96
104 97
145 93
151 89
157 90
164 93
158 94
152 95
107 159
112 154
117 152
123 154
129 152
137 154
146 158
137 158
130 159
123 160
117 160
113 160
110 158
117 156
123 157
129 156
142 157
129 154
123 155
117 155
