733 1199
718 1415
734 1628
742 1840
748 2065
803 2254
918 2406
1081 2480
1276 2489
1469 2477
1632 2406
1769 2293
1864 2148
1925 1973
1970 1799
2023 1619
2071 1431
874 1236
978 1158
1107 1142
1233 1180
1355 1239
1559 1248
1690 1219
1823 1208
1949 1235
2015 1344
1453 1332
1439 1473
1426 1620
1412 1769
1248 1829
1314 1851
1383 1871
1452 1860
1513 1833
997 1312
1075 1255
1175 1263
1246 1338
1161 1360
1063 1359
1624 1371
1709 1312
1804 1319
1860 1381
1799 1424
1706 1409
1123 2145
1220 2106
1297 2076
1348 2089
1405 2073
1457 2101
1519 2143
1442 2106
1396 2088
1339 2093
1287 2097
1212 2116
1156 2132
1288 2135
1344 2135
1401 2123
1486 2133
1402 2027
1350 2035
1297 2037
